

A beolvasott adatok a kovetkezok: 

Az x darab bitcoin amit a(z) 1. szemely altal adott arany-bevetel szerint lehet felirni: -4542.75
A(z) 1. szemely arany-bevetelei: -2856.25 -1565.67 362.25 3213 4303.4 -5660.4 7330.67 4104.75 -13990.5 -768.75 -6670 -693.1 -25788 4443.8 -2053.75 122.667 -683.6 4371 864.167 -1912.2 3808.2 -4147.25 -4507.17 3183.44 -633.125 1318.83 -794 -3641.17 -2998 2635.67 2666.14 7520.67 2023 1829 -1513.62 2683.75 10431.5 -2986.25 -971 -1986.33 10461 -3535 3332 -1269.44 360.3 14296 -3916.29 -3080.89 -4748.17 4140 -3159.5 13752 1249.9 5080 1375 3024.78 32.2 -914.571 -2882.8 607.667 -31918 -2477.2 -5310 10248.3 -1845.5 -17279 -3048.4 141.75 -9991 -2403 1019 12220 -5988 7430 -3367.86 -26945 -2386.2 -3326.12 -5210.67 -2789.8 -3359.33 -200.3 4723.4 -442 740.222 -8230.5 -4326.75 -8010 -555.143 937 3818 3719.71 2406.88 -2395 -1417.6 -5258.4 -5510.67 -2879.2 2061.33 1208.6 

Az x darab bitcoin amit a(z) 2. szemely altal adott arany-bevetel szerint lehet felirni: 31875
A(z) 2. szemely arany-bevetelei: 7233 -5236.5 4266.86 2282.71 -3420.25 8319.33 343.6 4475 1261.4 -4052 2327.33 1276.14 -4908.8 452.25 8088 -4180.86 3438.67 -13571.5 -2591.5 -140.75 -1665.17 7393 -4893.4 3842.33 2891.6 5607.33 -2131.33 -194.25 -2481.33 1048 -3440.62 1517 -4026 1296.57 -11117.5 1950.8 4173 9670.33 2106.57 6030.75 45 -1605 2466.2 -819.667 -4444.5 2181.5 3715.57 -2223.33 1913.86 -3981 -1057.4 -2936.25 685.4 -5265.6 1822.3 962.167 -2449 -499.889 3178.33 -1811.83 -701.5 -2764.17 -14699 -9859.33 -418.833 574 1343.75 31 13748 -8762.67 5850 -3038 5251.25 1462.56 -552.5 7229.33 20117 -1458.25 3878 3250.5 1451 1495.12 -7425 -2490.57 28912 -4581.5 -2124.9 -2509.8 4139.86 -679.7 3486.6 -1111 4629.8 -6515.67 1048.75 -2613.25 -227.4 5339.33 -1383.7 5600 

Az x darab bitcoin amit a(z) 3. szemely altal adott arany-bevetel szerint lehet felirni: -1290.1
A(z) 3. szemely arany-bevetelei: -2076.83 906.222 7044 -2757.11 -4546.33 -1605.67 322.25 -13013.5 1751 746.8 -2494 -12626.5 -8075.5 -4768.33 -1376.83 -313.5 2549.4 -1510.8 -653.429 10887.7 1546.5 3881.83 330.889 3561.56 1599.75 948.5 -31213 3289.5 -2188.5 3766.71 -5268.4 -467.6 -2108.9 -3809 1046.67 2445.6 3134.14 -1883.33 5094.8 -3526.62 699.333 -4969.17 -3565.44 587.6 -2456.57 -1917.1 364.2 14 1044.43 -9513 -28513 -6169 3801.2 27483 -1460.6 13839 1740.67 -1950.83 2488.33 2525 -3564.33 -19661 -1166.29 9535.5 -3616.57 -14308.5 -5166.4 136.625 -7481.5 -3235.88 2243.56 4184.29 2645.44 2087.33 -2779.4 5183.25 -6674.5 -418.8 -4318 -1979.5 -4366 -4891.75 1789.38 29448 -31780 2280.89 1626.5 5195.5 -507.778 -177.889 3117.2 15852.5 4537.67 877.75 -3355.33 16104.5 -681.2 11141.5 326.75 -5333.4 

Az x darab bitcoin amit a(z) 4. szemely altal adott arany-bevetel szerint lehet felirni: -11956
A(z) 4. szemely arany-bevetelei: -3939 -28164 21.6667 1068.71 2542.78 5549 11708.5 1613.71 -2565.14 10775.5 -8048 -3365.12 -2298.8 1476 27524 -32136 -216.3 4505 -788.5 16160.5 2409.4 -3057.6 -3169.9 -4611.43 10971 2447.11 25680 -713.167 -1738.67 1.875 1317.5 2208.2 -1801.9 -582.9 3644.33 569 8957 2388.5 -3538.8 1703.8 1421 13836.5 -1969.11 -31483 3405.22 1918.56 -2772.56 -5222.8 2821.4 5990.5 5894.8 1254.44 18631 4872.6 27602 -57.6 -10158.7 14558 8602 3288 10794.3 -1209.38 -2848.25 3739.29 -13467 21245 462.75 -5010.83 878.333 -1064.56 -12370.5 -1482.75 2871.29 4171.43 4481.2 2704.14 4493.67 -8848.5 -3718 849.1 899.3 2930.67 -1092.33 -3503.5 -3949.5 5223.17 4131.75 -543.429 1023 853.4 -3190.62 -106.429 3351 10080.5 2201.22 -3883 -6219.25 4941.2 -3091 -1270.4 

Az x darab bitcoin amit a(z) 5. szemely altal adott arany-bevetel szerint lehet felirni: -3944
A(z) 5. szemely arany-bevetelei: 2716.8 -1760.7 355.7 3105.25 117 -954 -182.6 198.25 -6043 -2269.8 4044.86 1775.62 -10022.5 -592.222 -10368 1560 -4321.75 2599 -3885.6 3003.56 -5266 -4876 10736 -6194.8 16971 911.222 4992.75 -2078.22 1258.9 17440 4266 -3576.29 4671.2 -2168.22 -2234.22 -8512 -3785.14 -29312 3403.33 2102.71 -194.5 -683 -6265.75 403 22396 1119.57 -5583.25 -3103.5 1045.7 -4041 -1785.29 -5110.33 -1409.86 1259.29 -5650.33 8111 -3823.75 11947 1733 -423.625 3907.14 -3691.43 -4484.57 4880 -18.25 -1112 21220 -850.8 5205 -1895.75 -14923 -1564.33 4604.33 2455 -3608.43 1461.2 -1642.6 2047.8 -221.667 12389.5 651 -1092.89 -374 -2228.25 27218 -26391 7233.25 -3912.75 4542.33 6913 -235.571 4193.57 26452 14578 1302.86 2591.83 20.2857 254 2086.8 17820 

Az x darab bitcoin amit a(z) 6. szemely altal adott arany-bevetel szerint lehet felirni: 7712
A(z) 6. szemely arany-bevetelei: -3907.88 -27401 -1611.57 2524.4 -1121.89 -1265.44 -4117.33 -715.1 1612 -2624.22 -6219.8 -5928.67 -5597.2 -6180.6 2865.71 11887 -2129.71 1197.4 992.429 14564 3827.8 -3116.38 2796.78 -2688.2 27231 -22805 -29583 2841 -3948.25 -3109.29 -200.167 2710 2822.22 2946.88 782.333 -4220.6 -4521.2 -5053.25 -5101.2 3268 3021 1373.5 1991.2 3772.5 -3948.83 -7224 525.556 -2038.29 6199.8 52 7558.25 -3841.86 -6634.25 13859.5 13462.5 646.375 -1442.29 -5829.75 -2488.7 -2308.5 5838.5 1919.62 -5930.6 1332.7 -4790 4753.6 824.8 3901.43 -1757.9 -3897.33 -3248.11 -101 13295.5 23885 -1651.71 3543.67 -53.75 -1518.2 13201.5 -32528 207.667 572 1140.38 -3908.67 -24427 -3373.5 -3596 -6362.2 1465.83 -3219.1 2024.78 -518 -78.375 -3649.5 5952.5 766 -23573 1433.25 484.667 2318.29 

Az x darab bitcoin amit a(z) 7. szemely altal adott arany-bevetel szerint lehet felirni: -1149.2
A(z) 7. szemely arany-bevetelei: 7.125 1977.5 -3647 3567 -2563.2 3844.6 -1257.4 1830.5 -3316.56 -3814.86 1261.2 4274.75 3650.33 2749 -6213 -5107.4 1206.5 -2325 -641 1110.5 -5266 2740.71 -1343.43 -3002.75 5294 -11821 -11351 -2316.17 -17877 2118.8 2536 -3531.5 -10522 5166.25 6757.5 -1212.33 3151.7 5379.33 -650.75 -28533 -569.167 -3144 3020 1198.17 4365.67 -9766.5 1842.4 27235 -5668.5 1645.67 -2075.62 -2985 -4575.6 3354.89 3217.5 2706.9 3189.12 3105.7 4353.2 1827.14 -15424 -3191.1 -4373.14 -6140.5 821 -2384.5 -5783 -5114 -2668.5 -1145 -24761 3347 6326 -514.1 -583.333 -8060.75 22756 -3467.75 4325.6 -2882.25 -7372 -7840.67 -478.571 -3612 -781.4 2748.2 -1871.2 -1297.89 -846.375 -3310.56 -3181.67 -2279.43 12127.5 7912.5 -1068.6 5440 -3626.6 1671.33 1238.5 -219.3 

Az x darab bitcoin amit a(z) 8. szemely altal adott arany-bevetel szerint lehet felirni: -13876.5
A(z) 8. szemely arany-bevetelei: -31453 3088 -7098.75 -4324.25 -2727 -613.222 -2867.88 -1410.33 -10465 2289 -2120.8 9436 -167.5 2775.5 4820 -1224.5 -11724 -3633.5 -1630.11 -3893.75 4438.57 19460 -4024.6 4916.5 -20.4 1719.88 -4389 -938.7 -1410.43 2943.33 -186.222 1789 -6507.25 -790.625 -1116.78 -26172 -4449.75 4332.75 1859.2 1318.2 -366.4 -834.857 -1702.8 -1761 647.333 -3167.14 2598.33 613.8 1066.71 1136.89 -661.167 -2814 -176.889 3294.4 -2880.5 -1182.71 9550 -1575.83 -2415 5133.33 -1703.4 449.667 1589.3 4098.6 3082.89 -5333 2994.5 29372 -13518 3111.67 22334 -2291.67 -336 2170.86 2241.67 -1763.9 -3946.71 10545.7 2841 -2410.17 -2543.5 2966.5 6088.2 24531 3118.6 7482.67 -3356.14 28063 -4518.14 -3318 -3422.86 3627.25 70.2222 1516.88 -5068.33 18928 -752.333 2257.25 -2368.86 5361.33 

Az x darab bitcoin amit a(z) 9. szemely altal adott arany-bevetel szerint lehet felirni: 445.25
A(z) 9. szemely arany-bevetelei: 430.833 -14288.5 1292.14 -5196.5 -7730.33 24107 -2069.11 24369 -652.286 146 195.333 3915 9907.33 -31301 2039 -25451 10354 21271 1724.3 1112.17 5692 5610.5 620.375 -3185.33 -2312.57 -1882.5 246.667 -3487 27104 -7088 3571.12 367.667 -1640.8 5667.4 3511.56 1636.5 8157 4486.57 -2591.86 -1289.6 -4028.33 -24262 -2393.2 15684.5 -2005.33 -13350 -1674 2835.89 -876 -4300.75 -13649 473.444 -4737.33 -1625 13827 1201.67 5150.8 -2439.38 2650 1241 999.889 -2352 -164.625 2065.14 3204.29 5737.5 -10389 12617 -5443 1863.56 -2076.25 2894.12 -840.111 -9407 -3005 557.875 -8256 3571.33 -612.667 3231.33 8895.67 -1313.6 -2065.62 1301.22 -2828.38 -2594.43 308 -2166.5 -214.75 390.125 -4969.8 2716.78 -686.5 5615.5 2524.75 3835 -4237.67 -4925.33 -9671.5 -10548.3 

Az x darab bitcoin amit a(z) 10. szemely altal adott arany-bevetel szerint lehet felirni: 1884
A(z) 10. szemely arany-bevetelei: 4633.75 -352 -5752.8 5802.75 439.875 15928 11093 -8408 -614.875 7136.5 -2479.38 -2071 -1492.62 -1982.14 9176 2700.33 -8095 -32612 -3621.12 -1877.29 -4557 4344.67 2808.6 -4502.57 -3720.5 -2110 -724.222 4224.5 799.889 -2415 2576.33 -2314.67 -8964.67 -5308 1571 782.375 -704.4 452.857 -10970 24361 -2796.5 -2125.88 1789.67 -1123.33 -8758 -20652 -481.6 -157.4 -2375.33 -15531.5 5192.6 -16481 1060.5 -4948 1610.44 -106 -210.2 2595.7 -3655.25 4327.4 -4627 -2993.75 -27994 -4789.67 1668.9 -664.429 8039.5 3886.25 -10390.7 1794.6 -73.7143 1207.14 -1965.25 -982.556 832.25 -14929 1006 -3504.33 -3793.17 2386 2045.67 3359.5 -497.8 -1806.33 252 5834.33 -2284.75 2492.88 -8143 -3818.38 2693.67 1793.4 2498.6 3148.5 15101 -2301.4 -1847.86 -885 -2908.75 -2491.6 

Az x darab bitcoin amit a(z) 11. szemely altal adott arany-bevetel szerint lehet felirni: 3701.67
A(z) 11. szemely arany-bevetelei: 61.4286 367 9109 2126.8 412 7982 -163.6 591.571 9256 7218.75 4471.43 6898 -2399 1165.75 1897.2 1770 -1483.89 3789.5 3702.88 -1881.44 2627.14 14354.5 2677.67 -896.6 2812.5 -2752.4 4156 12645 537.5 4859.83 -2153.4 3511.6 -1844 674 -4360 -9271 2074 -2100.4 -722.6 5145 3364 500.7 2011.3 -9804.67 -824.667 918.25 -1559.75 -2820.88 3625.89 3936.33 3591.56 2091.33 -368.5 -922.857 -3345.67 2316.22 -4875.5 3003.71 3798 3820.25 -30664 499.125 -2934.5 409.333 -8552 -2984.62 -2065 -2109.67 -4503.2 -156.5 5803.25 8219 -3926.8 -26537 10175 1452 3462.71 -571.25 4113 423.5 1548 3221.62 -13810.5 987 6397 9759.33 6719 505.667 449.6 -4462 -31955 -27380 1127 -1182.62 -3059.25 3411.33 2632.56 -20487 -2952.5 -2920.11 

Az x darab bitcoin amit a(z) 12. szemely altal adott arany-bevetel szerint lehet felirni: 5300.75
A(z) 12. szemely arany-bevetelei: -961.286 -3093 -13642.5 1129.33 -4372.71 -76 2197.8 1575.22 -2986.4 -623.8 1905.4 3231 160.6 -1202 -2847.4 -25286 2240.4 -5883.25 -3406.67 -4240 2742.6 4496.29 5032.8 -208.4 -4540.75 877.286 -395.111 -8327 -3220.71 3684.6 4032.5 4524.57 659.333 -5169.25 16027 -3395.12 -1819.57 -2746.89 -5408 -3360.12 27668 -4111.67 8681.33 6771.33 -967.75 1464.88 2895.56 151 -2066.44 -1845.4 -1269.22 3606.86 2866 1937.5 2487 -17602 2978.5 -2404.6 2629 1915.8 -4023 1235.5 3149.25 -2494.3 6616.67 -4742.75 972.5 -1183.12 -26798 -3197 4375.67 817.333 4293.25 -5409.75 496.111 2745 -17431 -2846.5 3244.25 1276.2 9022.33 -73.875 5987.75 5447.8 -3799 6718.25 1936.67 832.556 1451.5 104.5 23900 -1115.4 6383.5 -3303.5 30714 -30334 13142 -4074.86 3737 4013.62 

Az x darab bitcoin amit a(z) 13. szemely altal adott arany-bevetel szerint lehet felirni: -8003.67
A(z) 13. szemely arany-bevetelei: 2312.25 -1211.62 -10605 13393.5 2704.12 -881.25 3643.12 -2096.5 -1709.78 -3149.2 5999.33 -139.8 -710.714 -1700.78 9028.67 -2429 1411.4 -6526.25 1382.25 6553.25 -393.778 2850.1 -1104.44 -5681 2292.14 -923.4 16062.5 4204.33 -910.6 2448 1267.11 -302.778 -2160 -9793 9848 -5719.8 7.4 -1320.17 -3247 -695.25 -2953.62 2444.5 -9343.33 5445.33 1441.6 -31885 -12789.5 7187.5 2551.5 16081 4921.8 2370.5 -3552.5 -3896.12 1499.11 8741.33 1812.4 16922 -666.6 6429 3566.56 -537.667 32622 935.75 12454.5 12537 812.25 -1956.5 -1231.44 561.833 2070.57 324.5 -11474 -8810.5 -2048.6 -4794.5 -2503.2 -3799.33 2863.2 160.875 1756.9 578.222 213.5 -25670 4697.67 583.667 3557.71 -7611.25 1249.78 762.6 4013 2433.17 -2295 -1333.5 5579 -2782.5 -1036.25 -701.333 -12912.5 -2196 

Az x darab bitcoin amit a(z) 14. szemely altal adott arany-bevetel szerint lehet felirni: -423.75
A(z) 14. szemely arany-bevetelei: -1877.8 -11691 -117.286 2418.3 2144.2 19060 -763.667 1348.8 618.667 14509 -5688.8 13769 -14366 1766.5 -4539.5 2671 -4712.5 6542 6337 10635.7 -1909.56 -1742.1 -1849.7 180.5 2270.11 -1307.62 2685.3 4509 -8551.33 5423.67 -1454.43 2137.3 -1963 376 1926 -259.444 15486.5 -3210.5 853 -1264 4016.17 16064 -2496.75 1765.6 2063.75 -5881.67 -8187.5 -3146.4 -26086 3664.33 -14249 1955.67 7010.5 -1727.67 -2886.7 3981 -2422.29 -4593.29 -2053.67 -10605 29869 -6697.5 -3411 3533.33 1305.25 -7290.5 707.444 13818 8639.33 -1748.78 -2280.67 -4701.17 -374.111 -557.375 785.333 3017.11 -1978.14 -558.9 -7666.67 1971 3081.75 -17462 -759.8 3885.2 -3098.38 12331 -33 16959 -9237 4884.17 -1367.71 3518.17 5802 1710.57 -2961.4 -7925.25 641.1 -30199 -2640 1135 

Az x darab bitcoin amit a(z) 15. szemely altal adott arany-bevetel szerint lehet felirni: -6384
A(z) 15. szemely arany-bevetelei: -5840.25 2593.8 -1102.88 25802 3347 4411.2 8182 212.778 -12728 999999 -4485.14 1184.2 -4262.86 1387.83 4460.6 -2647.6 -2699.1 9001.67 2402.38 1638.86 -4828 7572 -3366 8945 4714.5 -3852.5 -1542.29 2038.25 3037.2 3062 -8833.33 3558.33 4510.29 7481 2351.33 -1608.25 -2780.88 1431.78 3211.67 1476.25 -557 8421.67 -32137 3128 11287 2482.5 3476.2 8310 8757.67 3361 -2583.29 2029 537.8 18401 1026.25 2123.57 -362.8 484.429 488.5 231 5634.2 -355.25 2686.3 -3541.75 -2853 -9744.5 589 -1812 4776 1630.5 -2946.22 248.75 -5871 1522 -3213.5 -3361.8 -3154.11 -566.5 3137.2 -1671.33 -2496.5 5713.67 1427.9 3041.29 -6199 -154.4 -2531.83 -4710 3076.5 5552 -10104 -2422.83 4533.83 -1429.5 3296.78 30433 -10303 -15233 -1649.5 -30610 

Az x darab bitcoin amit a(z) 16. szemely altal adott arany-bevetel szerint lehet felirni: 1641.25
A(z) 16. szemely arany-bevetelei: 1936.75 8545.67 1385.4 318.111 6384 234.1 -2262.78 21773 -2420.8 3197.14 -18733 -2361.67 -9650.5 -3641.17 16203 -472 -514.2 -514 5127.83 -1363.2 2671.5 -18428 -1993.33 -342.8 -815.4 -12130 3101.33 -2152.5 1599.67 -2052.38 1910.25 -5512 3911 5136.2 1581.2 1508.3 -6533 5185.83 3372.2 2732 1642.5 2743 -6627 1060.6 2973.5 289.111 -2432.5 1296.33 3728.38 -9004 495.714 1408.5 -425 -1220.3 434.2 -3463 16294 3707.75 -12611 27256 1115 13940.5 -2923 283.8 2761.67 -3624.89 -9198 580.167 -2718.78 -3398.11 -2014.11 -2555 1532 3661.25 1337.17 -135.25 1259.17 4996.33 -642.429 201.2 1175.33 1103.8 5485 13057.5 -5572.75 -475.8 620.333 2251.17 -3477.33 -2906.8 2561.8 -4688 297 6492 5781 3164.89 -2392.83 -4150.25 -450.333 861.2 

Az x darab bitcoin amit a(z) 17. szemely altal adott arany-bevetel szerint lehet felirni: 4888.33
A(z) 17. szemely arany-bevetelei: -4416.14 425.3 -15445 -2139.5 3011 6971.5 2457.67 -7435 3359.62 1860.75 2417 -1806.5 1721.67 -12226 -3395.71 3802.57 3222.62 -1671.75 2488.1 3263.8 -260 4249 -2955.33 2828 -3194.8 836.667 -289 4958.75 -1276.62 -11494 977.3 89 10049 3647.5 -27961 -1611 4710.8 2107.2 -2586.4 6130.8 -4636.67 -1820 309.625 -6179 -24076 3265.1 -174.111 1484.4 163.667 629.111 -1255 23492 -5121.6 4660 -387.25 -1200.3 -3208.44 -2631.12 -3739.29 -6232.75 1022.1 1857 -166.8 -1844.9 24783 5098.25 -3551.33 1646.9 -2236.14 2748 -1776.5 -739.333 3020.6 -3660 -1207.14 -1443 6921 9885 -2791 -93.3333 -3667.14 256.667 -1080.78 3421 -725.889 -2264.4 -15841 -1221.44 2695.22 2618 -1394.2 -14406 -1288.75 -659.889 -2119 -883.889 -1414.6 -1963 -2642.5 -6056.5 

Az x darab bitcoin amit a(z) 18. szemely altal adott arany-bevetel szerint lehet felirni: 2211
A(z) 18. szemely arany-bevetelei: 792.5 2139 3285.86 -3420.4 519.6 -3656.6 -3779.17 2627.67 -8558 2122.5 -5738.67 -1254.89 9048.67 3458.29 3320.33 4861 -1445.75 -274.2 -7989 2076.7 -896.8 2287 5231.33 -122.111 -826.143 3836 4679.5 -7196.75 4128.17 10019 4204.6 -591.5 -6964.5 -492 -2215.4 1993.6 17717 15103.5 1889.88 -636.25 1036.56 -4212 1393.3 -1738.56 2252.75 5932.75 -1319.25 -2512.71 -7538 -3117.33 -1089.6 -1955.11 -1523.67 -12756.5 13532 1449.5 -215.9 -4916 -2210.2 398.75 6 4794 -5137 -3175.67 1710.43 2519.3 182.6 15935 1551.75 -1480.6 -3622.25 4669.5 1581 630.333 -4177.6 -11042 -1291.57 -2521.5 -6522.4 6540.5 -1563.43 4710.5 -4662.86 -9083.33 -2922.71 1475.67 -5599.75 90.5 3662.5 4810.5 2224.22 -3279.67 3717.43 -5593 4188.86 -921.2 1064.17 -6135.6 -200.833 1001.8 

Az x darab bitcoin amit a(z) 19. szemely altal adott arany-bevetel szerint lehet felirni: 1589.6
A(z) 19. szemely arany-bevetelei: 1903 -7539 900 29416 -22199 3054 -2645.17 833 -8966 16519 -3142.33 4506 -882 5788.2 -3335.67 -4630.2 -2199.56 -2346 889.25 1943 -4320 -3480.29 -1629.25 8155 10611.7 -1989.86 -510.333 2306.5 -2650.71 3733 13023.5 -789.571 2191.67 -2999 -2911 -660.875 74.5714 -2019 14534.5 720.714 -14521.5 -2614.71 3634.33 1655.4 5061 53.8889 499.5 12961 -1463.25 1510 -1013 1104.17 -1591.17 1204.3 -2795.17 -2343.86 7533.75 -4584 5631.2 3102.71 996.9 -3143 -1449.14 1698.1 -2213.33 -4412.8 7336.5 233 -4136.67 10844.5 -15059 2765.43 2529.1 26563 2947.2 2690.17 -2157 4693.33 -3986 2665.89 25.3 5857.2 -8569.67 2001.29 3697.14 -3251.5 -1796.25 7973.33 -6448.33 -1093.33 2581.25 410 2466.33 -13934.5 2.8 2825.5 -4083.5 706.9 6571.5 6337.4 

Az x darab bitcoin amit a(z) 20. szemely altal adott arany-bevetel szerint lehet felirni: -2969.5
A(z) 20. szemely arany-bevetelei: -1418 1686.86 2814.43 1413.5 22732 -3582.71 -8591 -6646 910.5 4227.5 2583.7 1625.5 5491.8 4394.75 543.6 -8992 875 -5497.67 570.5 -1663.75 -1828 7511.75 -1088.67 -3517.89 6791.5 -18911 2393 -913.25 -3116 -15603 27798 -1917.25 3952 6506 -2660 -4935.67 -3460.5 -223.4 1545.71 1518.14 -3964.25 -3524.56 2187.8 2646.6 2325.9 -6141.5 -2848.7 3913.67 -6006.25 2743 3806.75 875.8 779.4 -345.429 -19037 1682.11 3070.22 -566.667 -12730 -1757.6 5986 10343 656.75 951.333 -3924.5 10189 -933.556 2954.6 4646.29 -3371.71 9796 8639.5 -2093.33 -2043.5 -1836 4686.67 -617.25 863 206.667 -7391.5 4488.5 -2785.67 -5172.67 7487.25 141.5 -660.4 -7081.67 1143 -1468.5 -940.111 4080.75 -1193 731.778 9280 -7379.5 -2233.33 -31.7143 137.25 -3569.75 -3109.5 

Az x darab bitcoin amit a(z) 21. szemely altal adott arany-bevetel szerint lehet felirni: -3374.14
A(z) 21. szemely arany-bevetelei: 6487.8 -3251.17 -411.444 6352.67 -1784.25 2534.5 -2641.25 1848.2 -261.889 -966.9 -10883 4507.6 -2426.1 15801.5 -845.778 -4897.67 -1437.2 5062.4 -2204.5 -1270.5 -13325 -637.333 2785.33 -561.7 -8245.33 -2803.14 1453.44 4345.86 242.2 -4229 6651.5 8959 339.4 7039 13697.5 28263 -712.833 8128 -429 -3004.8 3148.83 4645.86 3547.83 -1207.62 3138.67 2793.22 -5096 -9690.33 4564 2476.5 -8962.67 8290 -637.375 -640.444 3013.3 -1610 -1290.14 1472.86 -3181.86 -1003 -2076.29 753.667 1934.43 -7027 -5388 2143.14 1758 -2350 4920 3127.5 3033.5 2811 3766.25 6141.2 2341.2 2281.8 1968.14 3042.88 -280.5 6064.67 2427 -3393.22 2370.29 7896.5 427.5 -2775 -917.5 -69.5556 -4017.62 -2620.75 8659 -5620 5142.67 -1003.88 -9084.67 5179 25604 3245.5 -6513.8 499.6 

Az x darab bitcoin amit a(z) 22. szemely altal adott arany-bevetel szerint lehet felirni: 3274.33
A(z) 22. szemely arany-bevetelei: 1142.67 -4644.5 580.75 5080 -1769.78 1432 4232 -2040 2568.5 2335.11 1520.6 5092.83 2722 -952 625 -2677.57 3828.6 7440.5 -2283.25 9966 -11423 5766.8 10313.3 3041.25 707.556 -1416.14 33.5714 -3598.67 -2139.78 -2395.33 -1732.67 4540.6 -4421.57 1104.38 3801.86 2549.12 4324.25 -132.8 -5687.75 -8746.5 -5332.6 -1300 6657 12398 -3111 -1251 4089.4 -1420.5 -1662 -2340.25 8075.5 -598 659.143 1772.67 12732.5 1051 -5832 -1777 -2366.25 2821 4977.83 2671.5 -317.714 1511.14 -471.429 -4828.83 8514.33 -5228.2 2256.86 1712.67 -14740.5 1881.6 6449 7533.25 3480.78 -1223.7 -3029.2 8696.33 -1758.1 -1693.83 -8967.5 -1375.44 2856.67 -1000.2 -1703.33 447.625 19628 17878 -821 -2008.5 1207.29 -2876.78 634.25 -3527.12 3207.86 2241 -202.8 -3054 -257.9 1177 

Az x darab bitcoin amit a(z) 23. szemely altal adott arany-bevetel szerint lehet felirni: -1372.8
A(z) 23. szemely arany-bevetelei: 1769 -427 -5256 2514.11 3652.67 -3069.6 1447 -2735.5 3626.89 -2955.89 -3015 -1848 1727.22 366.667 1245 3761.75 1497.33 -1007.67 3886 835.333 4740.8 -1312.5 -67.4 230.5 20.3333 -3996.33 3354.5 -981 46 -2154.12 -4771.67 -3034.4 9991.33 1162.4 -2983 4431.5 -696 2618 -8624.5 -9430 -7692 -7131 -3674.5 -4172.86 78.4444 2308.5 1657.11 1629.17 -5282.83 -15705.5 -7930 -3997.38 7203.75 -374.5 -2621.75 -3881.43 -3440.22 237.714 -3839 2565.6 12982 5886.5 -353 3228.6 -3065 2951.7 -1709.1 -6342 -9745 -23209 -361.333 -10943.5 22557 -5938 746 7997.25 2545.75 7317 7070.25 -1647.11 -2969.33 -269.222 174.857 -27 -2841.14 3572.83 -479.6 -1101.67 -2240.1 -8379.33 8441 -5107 666.9 128.667 28570 1497.22 1160.75 10669 -1170.62 10117 

Az x darab bitcoin amit a(z) 24. szemely altal adott arany-bevetel szerint lehet felirni: 429.3
A(z) 24. szemely arany-bevetelei: 1720 1958.11 -898.167 -2074.33 2726 -1895.12 15445 134.75 4158 -4254.5 2530.67 2015.78 -10928 -4096.4 -3725.38 2578 7032.33 -7107.67 -4263 -3615.5 -1342.71 -3558.43 21359 -24907 -2316 -403.5 -4460.83 9428.5 1967.75 3083 -2277.5 -634.714 -6474.33 -826.4 -5315 1246.83 3347.75 16114 1554.5 -1117 12863 -1928.3 5219 2325.4 -3982.33 -3255 5222.5 -3405 1485.25 -2497.62 614.667 -7038.75 3245.33 1734.11 3077.56 -2616.14 -2163 -20521 5302.8 -4436.17 2039 1689.11 -5598.4 -5273.67 9676 -296.333 1104.71 5182 2354.25 16097.5 8639 -344.7 -359 -3822.2 -4616.25 2190.29 -4376.75 -4141.4 -29159 2644.78 31543 -613.6 -2472.33 -1922.3 -6279 705 -6430 1019.75 -772 6553 -2157.5 -1493.38 25941 5123.25 -3252.25 -26683 726 -1372 6251 -1003 

Az x darab bitcoin amit a(z) 25. szemely altal adott arany-bevetel szerint lehet felirni: 15868.5
A(z) 25. szemely arany-bevetelei: 2873.67 -743.7 528.25 699.167 3149.7 -1287.4 -10960.5 -1655.5 -6715 -1460.57 236.25 -2060.17 -1658.67 -2569 7586.33 10318.7 29570 2975.8 6944.67 -1508.6 -1542.7 10473 2628.8 266.571 -5635 2409.17 5567.8 -29850 -7279 2736.6 1398 -1762.29 143.5 5305 -4716.67 -3966.4 3386.25 -13147 -2948 -9518.67 2198.67 -1430.71 2152 -2630 -24256 -2844.5 1920.38 1486 -522 -366.25 -7439.33 3451.75 -6528.2 5693.5 -2719 8850 -5559 -148.429 -1690.67 7238.67 -1529.88 2670 8186.5 -5273 -3328.67 -3108 4079.67 -704.333 -779.25 -4546.75 235.5 -1945.5 -15095 -20398 2371.12 -949.9 -3374.57 2042 -3986.86 -3411.88 -2388.5 -3260.9 -2059.12 -1008.33 3924.5 1572.12 -4821.5 -3760.33 -1704.25 -3033.11 3233 -23934 -2817.88 4151.75 8624.5 5916.2 3780.5 -663 -2570.78 639.5 

Az x darab bitcoin amit a(z) 26. szemely altal adott arany-bevetel szerint lehet felirni: -1365.17
A(z) 26. szemely arany-bevetelei: 1282.22 836.143 -1700 21499 497.333 4863.17 -4594.75 -3531 3255.4 -7232.5 -4902 2617.56 -7955.25 1754.71 2797.57 2672.57 47.375 6204.2 -13946.5 -3142.62 -4713 -23482 -1538.83 -5813 -3037.1 5277.8 3035.5 -1604.6 2978.44 2644 3787.5 -4608.86 -6731.25 3723.17 3887.5 2596.67 -3186.25 2478.71 -900.429 -5494.2 8831.5 -2018.25 3194.67 624.857 5485.5 3975.33 -1578.67 873 138.833 2398.7 -9472.5 2197.3 1069.56 9686.33 1244.14 -2178.11 9696 1526.44 -3692.88 4905 -3977.5 1326 -1859.25 3963.25 -3433.2 -3156.43 7616.67 -3308.5 -3264.8 5016.5 -392 -1510.8 2095.75 30032 14705 3345.4 -3354.62 -695.571 7304.67 -4164.75 -4923.8 -2821.38 4543.71 -20987 -21103 11501 -1690.12 3884.67 -2096 1170 -6492 345.25 1952.5 3076 -8919.5 -2265.62 -2003.44 -10206 -2630.62 4868 

Az x darab bitcoin amit a(z) 27. szemely altal adott arany-bevetel szerint lehet felirni: -1712.1
A(z) 27. szemely arany-bevetelei: -5214.25 -4433 -5742.33 12230 4584.5 1515.29 2890.56 -836.571 -12445 -6081.6 1403.33 -217.286 10084.7 13477 3263.83 9615 -2683.7 7661 -3928.4 8163.33 -1731.8 4070.4 15009 911 2432.2 8497 -1545.17 3432 7342.75 -1437.43 10512 18097 2742.6 2009.67 480 -3504 -26416 298.667 5475.5 -2525.86 -1751.5 -1279 3249.33 -980.3 -810.375 -18478 3559.12 1788.9 -335.6 103.286 -2215.1 426 5145.5 -897.778 -407.5 3920 3009 -1695.7 6608 -2800.14 10661 4065 -3172.4 -2256.6 -510.5 27326 -3326 1689 -2458 -7343 7273.75 -7903.33 291.667 -8254 -15246.5 1562.78 4359.14 -1530 877.857 5330.33 -12061 -3099.56 3923 -2969.2 5561.4 8839.67 461.333 -2400.4 -5313 4955.67 -4770.67 -2149 -6188.6 1075.56 15514.5 2443.38 3670.38 5317.67 -1202.12 -5400.4 

Az x darab bitcoin amit a(z) 28. szemely altal adott arany-bevetel szerint lehet felirni: -1033.67
A(z) 28. szemely arany-bevetelei: -4780.83 -10123.5 2733.86 2906.12 -4015.8 -10065 -2908.4 812.5 272.5 3783.67 -5951.5 2933.6 18903 1602.2 827.333 -5694 -5987.5 -5171.2 371.6 -7965 5722.6 -1906.33 1175.56 5907 -391 -4545.4 5089 -13815.5 2803 1607.25 134.857 -3609 -4939.4 -436.429 -25.2857 -12075.5 3035.8 -2411.2 -5376.5 4787.2 -492.9 -4355.71 1842.75 7494.25 -6841.5 4496.29 3463.33 3010.2 2925.5 12573 -4099.75 4241 797.4 -1624.75 -3839.62 1369.3 1549.7 -5163.33 -3404.8 -1300.78 -2745.62 101.4 1550 -3559.56 -2368.89 1184.75 -4934.33 2306.22 26025 5482 -2039 4997 -4522.67 3491.38 399.333 -28344 479 -4482.57 1737.25 -9397.67 -8120.67 2757.29 -3758.75 -1653.4 2307.5 -2024.88 -9531.5 -1526.75 -3513.25 -1799.88 -1570.33 -10427 -1190 2629.67 -14535 10459.5 1564.75 9626.5 -1845.75 -518.4 

Az x darab bitcoin amit a(z) 29. szemely altal adott arany-bevetel szerint lehet felirni: 3492.17
A(z) 29. szemely arany-bevetelei: 443 7755.67 13035.5 6078.4 -4460.33 3914.2 5573.5 -6586.5 464.375 -164.8 5790.4 344 16049 -5194.83 1835.5 819.25 -1418 -433.6 -1950.29 1640 5078 -3323.71 -1120.89 14555 -827.25 2761.67 -19127 1150.12 2542.8 3455.78 14921.5 -2282.86 351.5 20173 -296.25 -196.857 1926.2 1398.86 -996 7289.5 1156.83 668.1 3393.6 -925.3 9452.5 7957.75 -7491 -1637.14 -4093.5 2999.25 -1892.9 -468.333 1923 2994.2 -1151 25061 4938 -12570.5 4133.6 351.5 -177.222 -1385 -496.625 13582 -31543 298.5 -1659.5 1827.14 1102.5 -28072 204.5 -1467.83 -3433.67 3141.83 -1338.3 -779.714 -3500.14 5949 -530.8 1382 -2111.33 -7417.5 -17701 4509 -446.125 -185.6 -24699 4261.4 -4233.33 1435.12 -8285 505.778 194 2202.7 -7043.75 -456.429 -245.2 2949.88 29326 -4839.17 

Az x darab bitcoin amit a(z) 30. szemely altal adott arany-bevetel szerint lehet felirni: 2888.1
A(z) 30. szemely arany-bevetelei: 3438.67 -1342 334.125 -3701.38 -1169.88 -3509.88 2771 2002.6 -3971.83 -5535.4 -119.25 -1772.5 -4140.2 -10563.5 -7584 -2345.86 -1343.25 3542 17494 863.3 -10046.7 -2110.44 -1028.25 -21440 12849 -1572.56 8853 -6030.67 4765.8 444.444 7912.67 -3145.4 874.6 -3481.88 21371 -4883.75 50.75 2989.22 -3877.67 -10488 -2841.29 -13206 -2318.88 -2736.12 -6703 3233.67 4073.33 15561.5 7766.5 2193 -3442.33 -9010 1959.43 1445.67 -1071.33 6663.5 8582.5 -1400.14 1922.11 2115.14 -5209.6 440.5 6253 2702.33 2294.38 -3676.33 -703.5 1759.5 15799 -5995.2 -1766.62 -3874.14 4958 -6521 1137.83 -3039 6965.33 5043.5 -9758 259.167 1382.5 -3245.33 10216.7 8973.67 10523 4824 -1510.75 538.6 -83.7 -371.571 3421.17 8057 2547.5 -6820.75 -2016.4 -8055 -2153.67 -1072 -979.778 7853.67 

Az x darab bitcoin amit a(z) 31. szemely altal adott arany-bevetel szerint lehet felirni: -4579.71
A(z) 31. szemely arany-bevetelei: -3346 3153.6 -2012.86 -3511 -3598 29902 -1891.78 10147.3 218.778 12869 8660.33 -2981.67 2383.89 -741.1 -2137 2074.3 -3380.67 2487.14 4241.57 3728.5 -2560 1001 -1525.83 -3750.8 4375.43 15215 1660.33 871.667 -769.8 4749 2497.78 -285.5 749 2935.17 -2280.1 25348 -142.667 -13654 2794.22 2212 2159 2120.5 -4842 3767.8 1204.57 250 1092 4867 5413.67 -1885.12 1856.89 79.25 4142.2 1071.9 27958 11145 5795.75 1358 361.111 -617.8 -3439 1836.33 -1876.88 1063.43 6277.4 -2751.62 -15725.5 30898 2372.7 -874.444 -29501 -24038 1275.5 -2064.22 1660.4 1720.5 -2037 -4257.67 -6959 -766.143 1699.8 -1458.86 -7633.5 30060 -1534.78 3964.38 515.111 4666 661.6 -3111 4861.25 -1050.75 11113 -14735.5 -759.667 3244.62 -4562.17 -2655 15777 -2347.3 

Az x darab bitcoin amit a(z) 32. szemely altal adott arany-bevetel szerint lehet felirni: -801
A(z) 32. szemely arany-bevetelei: 2799.5 -175.7 3681 -59.625 207.8 -4668.14 2021.33 -13542.5 1647.2 787.6 -204.25 -2350.5 5710.33 2521.38 -1434.5 1728.67 8701.67 8004.33 -2501.9 -2626.22 1e+06 201.556 2206.88 -3117.4 -3738.6 7540 2784 2753.67 -706 -3990.29 -2417.8 6661 13572 8820 1478.8 -12689.5 7380 3657.5 -4553.5 390.333 1446.33 1450 3185 -988.5 -5322.6 -1348.8 3529.25 -1318.33 -1171.25 -444.444 10891 3025.56 10374 -5110.5 -4721.67 -3042.43 517.667 -1952.25 -170.167 1115.12 -26320 -595.4 -678.6 -19529 -1762.8 5406 -6038 285 1397.22 2297.78 -903.4 28015 5769.5 2204.67 -2349.7 2487.67 980.333 -4723.25 -2093.12 927.25 -7529.67 -2909.75 3343.25 2285.2 16131.5 6512.67 618.5 -2746.5 -3089 -7139 -316 -6454.67 5208.17 -14918 18628 -255.667 1495.7 19175 1866.56 -106 

Az x darab bitcoin amit a(z) 33. szemely altal adott arany-bevetel szerint lehet felirni: -1621.71
A(z) 33. szemely arany-bevetelei: 10785.7 1101.43 -5057.5 20527 -7749.33 -5785 -2188.71 950002 -25338 -4036.67 6757.25 -274.2 8794.33 15476 -9277.67 -329.333 -2564 4074.75 534.9 530.25 -1990.4 -306.6 -9443.5 7520.5 -4422 3367 1760.83 -62 -9842 -2045.5 2122.7 -3726.88 -1303.44 -589.5 -537 -1098.67 -3538.67 1464.29 5680.5 -9068 -2319 -3811.62 -4235.29 -2614 -2902.14 -3540.57 -2641.43 -5233.67 -1158.17 6617.75 -7454.75 -14864.5 1386.5 816 24538 17112 -1431.5 -12052 6542 -3307 -1006.8 -3309.5 -1573.8 -4532.43 -8123 1185 575.111 -1694.5 7748.67 -5582.2 -2740.62 15824 3868.38 2736.5 -2295 6989 -1800.2 28075 -4159 -4789.67 149.667 552.7 -3091.33 10385 4885.67 -3462.17 -933.4 -4111.8 673.889 2983 662 -2283.78 -1465.25 4227.67 -11947.5 23012 -4449.5 688.667 6656.5 773.167 

Az x darab bitcoin amit a(z) 34. szemely altal adott arany-bevetel szerint lehet felirni: -3220.5
A(z) 34. szemely arany-bevetelei: 4960.4 -1599.78 974.667 -1506.5 -9804.67 -6240.5 5645.6 4344.5 2590.6 4601.83 -4550.67 -29263 -2402 -491 -5152.5 -51 -5092 140.5 -1966 -3837 -338.667 32384 14726 1615.62 -1460.44 -1091.38 26959 606.25 1832.11 -1923.75 5932.2 -1001.14 -11347 -1304.38 -3543.38 5781.5 -4903.5 -183.4 4031.62 -751.8 -2966.57 -981.4 -4679.67 -1056 -1606 -27469 10364 995.8 956.333 -2374.33 -5022 4711.75 -750.3 2048.83 -4594.67 1112.3 -7574.75 -2902.43 2634 282.5 -10255.3 8230.67 -4178.67 -5993.33 -1922.25 -4085.8 4863.33 -7123.75 -412.778 28370 31111 -387.667 16274.5 864.833 -163.889 530 -3329.8 -17896 -50.5556 2461.29 -7435 -5594.5 -2784.33 3305.17 -9344 -2725.25 5720.2 2003.4 -11754.5 -15962.5 5154.33 5735 298.5 6994.75 9541 -4049.25 2075 -1534 -10668.3 -15177.5 

Az x darab bitcoin amit a(z) 35. szemely altal adott arany-bevetel szerint lehet felirni: 1640.83
A(z) 35. szemely arany-bevetelei: 5507.4 -3927.25 2234.67 -32.125 -2080.17 -3714.83 -856.5 -594.1 4992 -369.286 -6307.25 663.8 -2636.43 -3258.3 4188 7355 577.6 15056.5 -4023.25 2240 -1854.67 5427.6 1632 -5317 -1934.33 -670.375 -547 1347 285.143 -3873.17 -162.333 2552.4 -2572.7 -254.9 -25572 11369 32312 -953 -14932 5051 1340.4 -1831.5 639 9074 -17476 13603 2889 -687.333 205.75 4951.67 -32768 940.778 -4609.8 -3706 1781.38 -1091.8 -4267.25 -2869 -1055.7 -1646.9 3571 813.143 337 -382.222 7228.33 -483.5 -4863.2 1386.6 -8725.67 -247.333 5290.83 -327.8 -4917 -1591.12 1321.33 -4487.5 -3863 2257.6 -5870.4 -1990.22 3199.14 1241 -5523.6 1672.62 -2651.11 -6412.75 -0.888889 3259.33 -5499 -7610.25 -183 3199.56 -13565 -664.556 2031.43 -3902.6 -4818.25 -1459.11 4966 3646.67 

Az x darab bitcoin amit a(z) 36. szemely altal adott arany-bevetel szerint lehet felirni: -72.8571
A(z) 36. szemely arany-bevetelei: -296.833 7965.33 -3505.71 14122 10234.5 -794.375 8433 -14016 -978.222 4256 -1919.6 -4145.17 -3081.4 15341.5 -4137.6 -291.667 -14684 -1454.2 -967.5 -2641.33 -580.3 -10584 -138 -2091.11 -4528.33 6383.75 -7506 -27478 255.2 -808.375 3558.22 -10293.5 -2878.83 -3257.44 -55.4286 -2849.6 991.143 6732.67 3160 -1892.29 -3638.88 -3537 -3030.6 379.556 -7072.33 377.111 15669.5 4742 -895.333 2746.88 3820.14 -8154.25 -715.571 -2741.7 -5000.83 -3075.44 -5334 -1420.33 5008.6 6908.25 -3127.67 5521.5 6137.6 -9437.5 1254.88 2683.29 -1105.4 580.5 -323.2 4491 2251 -7150 2051.78 7513.33 1293.86 5961 2558.44 -1208 15463 -676.667 4328.17 5417.5 2734.7 2445.71 -2280.4 -3379.5 1485.75 445.5 2971.33 -1696.62 -5687 688.444 -6749.5 1307.22 -2935.33 -2431.62 2309.57 -4575.5 19022 5167.17 

Az x darab bitcoin amit a(z) 37. szemely altal adott arany-bevetel szerint lehet felirni: 3097.14
A(z) 37. szemely arany-bevetelei: -1356.57 -7906.5 -7547.67 -2419.62 4306.5 -3148.25 5204 -7148.5 3951.25 22449 -4200.17 5099 684.833 183.111 4389.33 -13995 -9252.5 -3688.88 249.5 4094.33 -3043.5 -3232.1 10139 -8168.67 2884.75 -2320.44 -3686 -5141.33 7647.5 2095.9 5008.25 -3883 2410 -5801.5 -2636.86 -17951 1560.88 -155.6 2046.2 14094 2854.5 -26316 16860 -2972.12 -708.778 -6082 -1208.1 3503.86 3336.33 -2306.9 -7710.33 3326.6 -6062.6 -4974 148.429 -6038.67 1456.43 -2273.78 -3767.12 -9854.33 14136.5 3602.86 29988 -2512.4 866.167 -2211.6 -3433 1376.14 -1700.2 -18 7604 386.5 3221.14 4935.67 -4924.33 -1801.25 -11957.5 12067.5 1287.5 -3071.11 -5963.25 -12344.5 -2872 2759.86 4246.33 -1685.67 5277.33 3804.8 -642 2744.2 1490 12007.5 -4371.17 1742.5 27100 3170.7 -5174.67 -1370.86 -84.5556 -3530 

Az x darab bitcoin amit a(z) 38. szemely altal adott arany-bevetel szerint lehet felirni: 193
A(z) 38. szemely arany-bevetelei: 504.7 3008.86 -4716.33 -1570.33 3459.67 1330.5 25 -10930.5 -1275 -9384 3167.57 -178 24315 -2281.7 2544.9 8079 8132 -1009.33 5995.5 -3482 -1928.62 1355.75 -619.6 29019 -3046 3872.5 -7635 -2254.78 3412.4 7456.33 5440.5 -4426.2 -1279.56 -1387.17 2384.86 -6094 -2236.22 -2210.25 -2882.11 1906.67 -16826 -1779.22 10855.7 3798.67 29299 -11863 -1073.75 1791.8 -7334.5 5512 -1475.4 -1723.7 -5001 -1948 -4251.33 2417.78 1186.5 879.4 1078.78 -4327.6 4633.67 -483.571 -629 5454.8 8084.5 15595 -32342 3660.14 1508.5 -562.444 -1618.22 2148.62 -7862.75 2305 -2639.25 2459.33 3163.3 -90.1429 5441.33 -25744 -6288 -10559.3 -1046.62 2768.2 -26505 427 1054.78 -410.714 -2053.89 -1636.2 3917.5 4656 -9744 6302.8 6404 3796 1862.11 -4487.33 11549 -7508.75 

Az x darab bitcoin amit a(z) 39. szemely altal adott arany-bevetel szerint lehet felirni: 87.5
A(z) 39. szemely arany-bevetelei: 4143 3255.44 2855 1892.67 1481 -4540.57 3099 1135.57 2837 32677 -27449 -3175.2 824.4 2200.8 9314.33 3056.29 -926.3 -5196.6 8434 -5419 3388.75 3168 -3621.5 -3440 -3225.83 -3372.5 7600.67 -6031.5 5198.5 -2867.3 -2052.8 1292 337.7 -1918.5 4175 1353.14 2816.5 97.6667 -4631.14 -1782.3 -474.5 162.625 -5360.67 4915.25 -641.8 4125 1635.2 5708.4 2646.8 2619.38 23251 2536.89 -12349 -28579 3295.5 -1403.71 -3208.4 3644.25 5342 234.875 -3331.83 19837 7022.75 -601.333 -9139 1008.9 -6480 -12918 1199.75 3971.67 -2543.29 -716.8 3919.57 1456.14 5128.5 -3053.1 6491.5 -243.667 -15586 3739 8056.75 -3027.4 3068.33 -2943.33 151.8 3006.89 -4381.83 -2010.56 4218.33 13760.5 -2598 -19801 -4698 3073.75 -1115.8 5859.5 4206.33 -2514.29 1663.43 -5424.33 

Az x darab bitcoin amit a(z) 40. szemely altal adott arany-bevetel szerint lehet felirni: 898
A(z) 40. szemely arany-bevetelei: 2302.56 -8225 -1612.67 -2658.4 2292.25 -3206.38 4263.5 1248.4 -2082.5 -1330.2 12772 -3849.71 1140.8 5365.67 1837.22 15899 -377.429 288 -1058.9 4456 -1891.1 23915 305.571 -5210.4 6534 -7551.5 8985.5 1333.67 510.167 -1837.25 3007.33 -2628 2912 10845.5 8110 -566.875 -7598.67 156.667 4786 4557.8 1192 -850.167 2722 10848 -31816 2091.4 4015.75 -7479.5 -3147 -2005.11 1584.83 2039.14 1790.78 -6961 -5767.67 3256 8743 6739.75 2634.14 -4186 -1024 -215.333 -5035 2365.75 -2625.67 -1086.14 -10337.7 9905 -2760.29 -977.333 -25828 3600 -3793.38 14200.5 -6525.67 -4482.33 5389.5 -3676 2053.25 -2568.67 6230.33 13282.5 2169.6 5749.6 837.8 -432.222 -3652 -2681.4 -3925.62 10228.7 -9470 -1872.5 -6646 -3649.71 3753.43 -6915.5 2957.33 1323.88 -2553.67 2670.25 

Az x darab bitcoin amit a(z) 41. szemely altal adott arany-bevetel szerint lehet felirni: -754.143
A(z) 41. szemely arany-bevetelei: -2570 -11551 106 2376.29 1637.33 7528.5 4691.5 -18.2 3206.75 -3333.33 -3233 2612.1 -1846.5 5861 7105.75 -8973 -10605 4520.14 -10626 -2716.9 796.778 -2149.43 1298.75 2664.83 -2850.29 3172.5 2669 -3388.75 -1670 2499.5 -3103.5 1121.8 -5546 -3871 909.667 -1078.8 1182.44 -7423 128.286 -433.333 10871 5738.5 -3130 -1122.56 2222.1 -731.8 -1555.71 -1982.29 -3809.33 2228 -1440.89 20220 -4648 -9483.33 -1522.14 -17105 -15594.5 368.3 -4061.67 3832.5 -397.5 -2007.3 2527.71 -2741.5 -3143 3823.12 -2370.4 93.8889 -2939.88 4449.33 -1106.3 3077.38 -506 -16942 4063.33 -2013 -2599.75 4310 -3501.75 9452 -2074.8 1328 4329 13786.5 5329 506.2 3794.2 -3064.25 10154.5 -8102 2907.14 -3165.75 -3415.22 -2024.8 17899 -3366 6275.8 3137.57 2112.43 -11.6667 

Az x darab bitcoin amit a(z) 42. szemely altal adott arany-bevetel szerint lehet felirni: 2247.8
A(z) 42. szemely arany-bevetelei: 2782.17 1094 12153.5 -11437 -2522.75 1656.4 24940 59.6667 15839.5 -2761.12 257.2 4251.25 2016.5 -1298.6 -2630.9 3437.62 -14901 -926.286 3680 -4534.33 4618.67 3958.33 1841.75 2816 -4894 -5076 145 -5510.33 -3001.89 3564.86 3658.71 2659 -3126.57 -796.8 -29285 1901.25 7286 -822.889 5158 -2501.2 -575 -2494.78 99.5 -3289.8 -612.3 2719.4 -2729.71 -2910 -2796.67 -423.556 8534.33 -6785 9089.67 664.9 13115 23133 4669.4 -123.4 -919.5 4094 5627.25 22665 -4586.33 -3765.75 5851 2172 -2025.5 2441.86 4279 3964.29 -4891.33 5913.75 243.333 -3602.5 2944.25 -444.9 4046.33 -2489.6 -164.556 -1209.2 3474.25 -3788.25 -2176.5 -2556.6 460.1 2916.17 5046.5 1298 -1738 1927.4 5914.4 10633 -2110 -5223.8 -1406.8 -1382.2 5036 410.889 2532.75 -2912.44 

Az x darab bitcoin amit a(z) 43. szemely altal adott arany-bevetel szerint lehet felirni: 4866.33
A(z) 43. szemely arany-bevetelei: -6861 772.625 5283 5716.75 4766 14042 -3113.25 -1342 1499.88 -6827.25 -4590.29 -28551 -7129.75 -74.2222 -16154 -1315.33 29594 6963.67 1524.67 -16233.5 -855 -3196.6 2118 -4672.5 12934 6390.67 -6590.5 1697.89 -4215 11877 -7715 -2457 6747.5 -5854 895 3130.33 2729.38 5611 -2187.11 22992 2861.33 4077 1112.29 457 -4006 3914.67 -10926.5 -4163 52 -10399 -2121.4 -8441.33 3752.4 5314 8543 -4211.14 8792 576.857 -1860 -3695.17 -1874.8 10006.5 4693.5 10984.5 3207.67 -10.2857 5057.17 2323.89 -2854.83 2476.6 -3113.33 7187.5 7417.67 -7140 -5097.5 9955.5 4811.67 2954.6 470.2 -2806.4 -3973.33 -1783.5 7611.5 5333.4 -184.2 -2432 -26637 834.8 2060 -3001.57 -1145 1149.33 30443 -2136.7 4645 969.9 -2188 -6302.33 -2627.75 1508.78 

Az x darab bitcoin amit a(z) 44. szemely altal adott arany-bevetel szerint lehet felirni: -3381.89
A(z) 44. szemely arany-bevetelei: 7332 3057.4 -889.667 4740.67 3455.67 2898.12 -1899.33 27530 14.6 -3504.38 -1706.67 277.286 2136.12 -2840.5 29512 -19004 2073 8947 -16153.5 5991.67 -2827.17 -1676.5 1081 -542.143 -1850 3192.14 -436 -1668.29 -19726 4113 10420 -9898 3459 -14333 5089.2 8964.5 -3125.8 -3541.67 4690 -10120 6027.75 326.125 -1108 -1490.75 3787.57 -7002 11516 -3236.78 -3766.71 -1243.4 -3905.62 5412.5 4983.5 -2560.33 -1789.17 -303.4 -22127 -2256.56 -697.5 -7722 -3044.17 -2076.88 2755.1 1648.67 262.25 2575.3 3739.75 7646 -4231.14 4387.17 1011.25 1243.33 574.8 989.714 4583 6957 -1835.8 5819.6 -254.5 -1487.67 3848.67 2807.67 -2947.33 -7382.75 4188.33 -19779 2636.1 1889.7 -21006 1951.75 -8275.33 -2459.86 2886.75 -2813.33 -1555 4435.4 3354.78 1956.4 2648.25 -21747 

Az x darab bitcoin amit a(z) 45. szemely altal adott arany-bevetel szerint lehet felirni: 1404.56
A(z) 45. szemely arany-bevetelei: -2681.83 6116.5 -7601.5 1365.25 2045 -3572 -991.444 -30375 -185.625 1120.5 -2561.56 -263.5 2693.14 -4672 -29828 -3760.14 -1661.11 -28374 719.1 -1204.6 -1198 -4993.5 4098 -284.2 3531.17 -2356.89 32216 -19464 522.714 -4227 -3954 -7263.33 766.5 -1059.14 14219.5 111 1634.5 1355.2 -1200.5 -2761.3 -31093 245.2 6652.5 -2785 7112.67 3121.12 1335 3442.2 -3173.29 5952 670.857 -18024 7214.33 7272.5 6393.2 17280 -2151 -3201.25 5765 -7701.75 4419.25 3808.29 7273 107.5 495.778 -770.2 2229.75 52 -6738.5 2172 16529 -180 2595.57 2458.1 5792.4 2834 -3255.75 3758.2 -6782.33 -1427.2 -3382.88 15607 810.714 5395 1180.6 -29950 -6627 2957.43 -556.25 -1408.33 3479.5 -2154.5 -16267 32671 -6378.6 20613 975.143 -56 -904.75 4185.67 

Az x darab bitcoin amit a(z) 46. szemely altal adott arany-bevetel szerint lehet felirni: -8952
A(z) 46. szemely arany-bevetelei: -4853.17 6994 15739.5 -3955 -4218.33 -7053.75 5271 -436.4 1450.25 1317.8 -31031 1324.78 7461.75 2589.7 3842 2636.22 -1706.6 953.667 -5154.4 1730.44 -555.667 -4852.67 2034.7 78.5 339.8 -3749.62 -3602.11 -3007 1930.86 -4101 -18371 -4720.5 21672 14486 -3066.7 -1854 -1478.2 -3736 -1161 -19129 5043.8 25584 -4590 -4336.4 5242.5 -1082.25 10.3333 2124.14 -1055.86 -26837 -2609.5 -2854.8 879.333 -42.2 1557.67 -8077.5 6675.5 4216 -2132.6 -14270 -5620.5 -13188.5 -1182.5 -2374 -5067 -2351.29 21.6667 4016.5 -4021.5 -3175.5 -50.5 4123.14 1694.4 -766.75 -4498.6 -3624.44 10645 -6503 3186.33 -3077.86 -2282.5 -2430.6 7635.67 -31170 -4016 3495.5 -3332.29 2897.44 -27631 15359 3073.29 -1169.5 -1997 1896.11 -2552.25 -640 -928.2 -15030 -57.3333 -3030.56 

Az x darab bitcoin amit a(z) 47. szemely altal adott arany-bevetel szerint lehet felirni: -918.167
A(z) 47. szemely arany-bevetelei: 16063 786.5 2046.44 10642 -6819 -12045.5 2243 -2191 4482.5 -10320 4640.67 1320.56 1459.5 1114.75 1633.8 5223 3673.14 2276.67 631.25 6112.2 892.429 8555.33 -1019.25 -2342.38 9864 1436 -366.2 -9360 3867.67 -6229.67 -15.1111 -800.2 2313.44 3134.67 18735 -3900.25 -4803.75 7355.25 1480.89 -3502.88 -4743.6 -3794.2 -3462.67 2360.25 1746 -32171 748.556 -2670.33 666.833 5034 3525.5 4017.71 3572.89 -1569.67 3777.38 2128 -2375.62 318.429 -1980.75 -2406 3997 -410.143 5276.25 5782.25 -984.875 13016.5 1065.38 -692.222 -1035.71 -801.333 9301 -1189.89 -15199 143 -9450 -1234.56 4861.67 5777.67 2729 -800.333 1297.43 -424.333 -133 6988 12890 -17432 -3224.8 -2030 -1468.8 -267.429 4272 2290.2 -16838 -2714.89 -242.143 -1527.5 -757.625 387.3 -1257.5 -3525 

Az x darab bitcoin amit a(z) 48. szemely altal adott arany-bevetel szerint lehet felirni: -3159.3
A(z) 48. szemely arany-bevetelei: 1929.75 -5087.83 8768 -5019.33 2100.5 -2436.62 7950.25 7667.67 -3986 1801.71 1599 3138 6730 2153 -2594.17 875.556 -4333.8 5442.75 -1155.8 -3055 512 -3436.89 3318.5 -1532.4 1853.44 2364.33 543.167 -53.3333 428.667 864.5 3345.88 5231.75 2291.2 1670.5 -10170 5150.4 -5001.25 -46.7143 7300.67 885.375 -8789.67 91.1429 -836.875 -2469.43 -4078 -846.571 4085 -866.8 -1968.8 1046.57 5386 -2791 5615.25 -1020.1 2387.17 2765.38 506.625 3685.25 -4441.86 -3248.78 2030.9 -3621.11 5152.33 4.8 -3108.78 -13242 -16280 -1901.33 7459 324.75 -3891.62 -981.333 -136.667 1480.33 -4852.33 58 3486.75 21302 3405.4 1337.6 -470.5 -9047.67 -3066.62 -1847.83 -1392 5186 28533 8134 -955.25 15415 -6507 -11397.5 2221.33 142.833 -1023 -6378.25 -13056.5 2772.8 -2443.9 -94.5 

Az x darab bitcoin amit a(z) 49. szemely altal adott arany-bevetel szerint lehet felirni: 3579.5
A(z) 49. szemely arany-bevetelei: -2473.1 -3978.67 -3280.67 -4354.14 -2308.5 -5379.5 -340.857 -3143.25 711.286 1625.57 -1118 -3402 6026.33 -2654.56 3247.33 544.5 233.889 -7969.5 -4892.67 -6522.5 760 7985.33 5021.67 2265.17 9534.5 -1881.29 10692.5 3334.5 -648 11840.5 -1601 6790 1436.22 -8039 4932.33 -11781.5 -19794 12424 942.5 2983.71 2807.44 1158.67 7404.67 -1672.2 2037 -2233.33 3449 -3199.1 -2722 2748.7 -946.429 2753 -17302 -2519.2 -5937.5 748.857 2456 4319.2 1882 1409.62 4219.17 14 2835.8 8778 -4999.8 30815 -3016.78 -3048 -5064 -11638 3892.12 -8010.67 8179.75 -13975 -1256.22 -2589.5 -1454.75 607.714 3712 2406.56 -3299.67 2167.78 -3854 1292.56 -4774.25 7042.5 5071.83 2279.89 -2998.44 -6141.6 -899.286 -202.375 -456.5 2847.25 15367.5 -19083 -167.5 2331.8 -16116.5 -2664.62 

Az x darab bitcoin amit a(z) 50. szemely altal adott arany-bevetel szerint lehet felirni: 952.429
A(z) 50. szemely arany-bevetelei: -4862.5 -4326.67 -8184 -4793.2 3807 -2434.6 -2186.38 2757.33 -6262.75 1629.22 -7049 3082.14 1458.33 19355 -2756.78 -14372.5 -3219.89 -29.6 2310.25 1106.33 -3024.33 -10919 -2442 791.143 4765.67 -2678.14 -8548 -3626.57 4483.33 14144 531.167 -5381.25 1147.8 -4566.4 1473 1279.14 873 2453.5 5692.33 2949.67 -11748.5 191.571 2291 1106.5 -1453 3838.33 4175.14 3498.44 2781.67 -671.25 -14371 -9800 -4097.83 -878 -14262 -2274.8 2599 -1589.33 8370.33 4006.5 2651.6 1284.5 131.667 25581 -4341 -6635 -24904 -3645.67 3218.9 4351 2448.67 -5135.5 -15119.5 -18681 -1418.29 -23762 15475.5 -1833 -5318.33 948.7 -5988.4 4432.29 -1450.3 269 -1509.8 -890.875 -2963.6 10150 -907.4 -7014.25 -6281 -124.5 944.2 -1575.8 -3126.67 -711.8 -7366 -5728.5 -1036.8 -316 

Az x darab bitcoin amit a(z) 51. szemely altal adott arany-bevetel szerint lehet felirni: -3456.89
A(z) 51. szemely arany-bevetelei: 1231.5 5358 7191.33 27797 -4509.4 1815.33 -2980.11 -849.833 2311.57 -3636.22 7382 -1223.11 226 1058.11 15748 1975.89 -2317.9 -2617.33 3458.33 10141 6654.75 2081.29 11913 6712.67 -2084.88 -2774.71 2308 -2531.43 -2134 2428.33 -28867 -0.333333 -2908 3115.6 4161.67 3219.6 -3296.57 -535 -2629.83 -1683.14 -4397.71 -2437.1 -170.429 -1918.33 -3040.4 68.8571 16878 -589.333 -2355.67 -7407 6817 -844.4 30880 -4520.33 -1106.62 3206.17 29028 4175.83 -3205.5 16.1667 2922.2 166.778 -2681.4 -1814 -5070 -5062.6 -2355.33 2080 -3189.83 -10798 3907 -3169.67 1480.67 -12570 -3267.67 383.5 7939 -1782.89 24624 -5628.67 1048 -6057.33 -5576 1515.44 -2527.86 -6576.25 -1096.88 -145.5 784.667 1760 473 -5658.2 2794.67 5288.5 2878.5 -251 588.375 -2422.5 -251.4 -1891.8 

Az x darab bitcoin amit a(z) 52. szemely altal adott arany-bevetel szerint lehet felirni: 2563.5
A(z) 52. szemely arany-bevetelei: 6608.33 -4447 140 1348.2 -1674.25 -4856.83 29284 3964.25 -2855.7 -1242.83 -6810.5 3764.5 -2236.89 -2832.33 2860.29 -6064 3486 -2673.56 -4483.5 2723.5 -1150.25 3599.33 -4978.67 185.5 -1515.4 2842.88 -26641 -2528.1 -12367 -1106.9 7342.67 321.375 7456.33 3972.88 -1488 -1799.12 6465 32735 12075.5 -17277 4893.75 2116.33 -2017.67 -339.889 -1583 -13795 -1305.8 -2781.14 1916.44 -296.3 -4564.17 -2924.2 -2133.67 3940.43 -2642.88 14318 -5978.8 3412.4 124.5 1060.3 -5930.33 2433.6 8611.33 4944.83 -2132.33 -88.4444 -4681.17 -2146.89 -8854.33 436.111 -3202.29 -2429.6 -6322.5 -267.6 4592 4066.4 15523 -2312.67 568 -5020.33 -4955.67 593.556 56.5 2584.44 2730.62 -2017.62 9042.67 2021.8 -1518.38 -1141.33 -949 -3183 2375.86 -285 -3166.83 -76.1111 -2251.78 -3014.38 -1702.43 -8323 

Az x darab bitcoin amit a(z) 53. szemely altal adott arany-bevetel szerint lehet felirni: 1742.75
A(z) 53. szemely arany-bevetelei: -1680 1299.9 4794.67 3879.5 -1856.5 2006.8 2791.29 -3274.6 -1401.14 3000.43 -14722 -3280.62 -1011.67 914 -13779 31336 -2525.67 6103 -2510.83 -1347.83 -2354.9 -2298.67 2176.25 9998.67 1110.6 3799.5 2445.78 1717 -2955.17 -1423 -16055 3181 16360 2228 -1388 -4708 -16549 -2491.6 -24002 5803 -516.111 28346 4146.17 4368.86 3262.62 -3540.17 3550.67 6636.75 3411 3392 -872 -1514.7 -1513.67 -9442.33 862.667 3148.5 4155.71 -2158.43 4156.17 4571.6 1156.75 5019.83 2573.67 -2157.14 248.5 -4613 -3198.29 1739.6 -3518 293 -3674.12 6832.5 1540.5 -814.889 -291.778 1460.57 278.6 -703 1480.5 1493.88 -1577.83 -1090.88 9115.5 -2402 -237.3 -1376.8 4346.2 5947.67 6556 -3376.6 4631.33 12435 -976.286 12.8571 19272 -11342.5 9807 2604.44 -102.286 -1383.22 

Az x darab bitcoin amit a(z) 54. szemely altal adott arany-bevetel szerint lehet felirni: 1589.6
A(z) 54. szemely arany-bevetelei: 2409.89 -373.5 -2368 445.222 2992.62 9817 7404 1536.38 4199.67 6229 2936.67 -5895 76 -3323 -16.125 4059.14 10121 10167 3147.7 14717 1420.5 972.2 10709.3 6387.2 -175.5 -1136.7 26019 -3893.8 -4809.4 574.833 1122.67 -3130.75 4800 -2639.43 -12.9 -13316 4354.43 -3499.89 1606.6 3563.17 -2657.62 -1765 230.25 -4226.33 2848.38 -3894.88 -3166 -3150.75 16273.5 11625.5 3434.5 -2405.86 -3055 8746.5 2383 -21032 6583.33 3350.11 1664.71 -1363.43 -2898.22 -1947.4 -692 1108.75 -23483 -2730.29 13790 658.625 -2944 1737.4 7240 758.833 2881.5 4860.6 1479.71 12052 -29769 -4117 -10855.3 2522.5 -6339 3956 13797.5 -3568.33 -243.1 2493 151.333 -22209 11182 -5216.25 -3063.5 3428.17 12308 -4402.67 495 -2615.75 -406.8 2179.5 2996.4 1836 

Az x darab bitcoin amit a(z) 55. szemely altal adott arany-bevetel szerint lehet felirni: 3839.43
A(z) 55. szemely arany-bevetelei: 220.5 3123 -5518.67 2822.29 1970.14 -5433.25 8684 3573.71 -3387.44 -18816 7848.25 24771 -804 -622.4 -2282.5 -3481 1197.22 777.2 -6266.6 -3709.75 6434.4 -4031 -3495.57 -3211.3 -2925.12 -32149 -7933.5 1804.78 5010 848.75 -1118.1 -413.375 4807.67 2797.9 5428.4 -5423.33 7150.33 525 -265.333 -3713.12 -3382 10157.7 781.444 3751.12 -2851 3998.67 887.571 97.7143 -3572.86 3685.75 -6202.5 -4612.14 3258.67 -3393.75 -2287.1 -1435.56 6212.6 -472.6 -3140.62 -1468.22 -8403 8768.67 -668.75 469.5 -9533.33 4062 2767.57 -2085.75 -591.667 -3988.75 2724.83 -3377 -2310.5 7794.5 2438.75 125.333 104.429 -1084.75 1101.14 4008.38 -3633 969.571 5025.8 -984.2 9141 -5510 2387.67 1790.75 2600.2 28821 4430.43 1475 3051 -4616 -8113 3115.83 4071.71 9178 -7464.67 -4087.4 

Az x darab bitcoin amit a(z) 56. szemely altal adott arany-bevetel szerint lehet felirni: 2270.6
A(z) 56. szemely arany-bevetelei: -2144.5 901.5 1222.25 -3051.86 2655.4 -23470 -23943 -2020.9 -18407 -3131.33 12154 6226 1289.5 425.667 -2194.56 5366 2102.17 -3868.71 -2721 -1580 2355.33 -3009.33 887.5 -6191 6744.25 -189.6 627.167 -5774.5 30555 6562.5 1720.86 -21616 1768.75 -17434 -5416.67 1371 -7860.5 1964.2 -4291.2 -1915.67 7794 8542 -2849 4744 609.875 885.286 7377 26788 -13717.5 -2597.12 13721.5 -12197.5 -5699 2169.5 4351.25 825.375 -662.625 -3948.12 216.333 1876.88 -2256.75 1456.5 25723 7120.5 452.889 3557.5 -4800.67 10343.5 4362 -2206.6 15994 3006.67 15702 5353.67 3574.11 2412 -28213 -59 5447 164.6 24629 2502.57 12081.5 -3839.17 -1410.33 -4078.12 -5068.83 8297 4130.2 -990.625 2287 -4591.29 -1490.33 -3026 -3369 -4332.17 -549.5 -267.6 -4097.17 -2457.7 

Az x darab bitcoin amit a(z) 57. szemely altal adott arany-bevetel szerint lehet felirni: 2692.67
A(z) 57. szemely arany-bevetelei: -2813.89 6181.8 2733.33 -1722.83 1431 2587 4723.67 -1667.4 -9154.33 -1374.4 1128 -3170.8 -713.6 -1916 10695.3 2684.33 -3908 1037.5 1123 -2989.14 303.375 -3467.14 3032.25 -2037.71 1646.86 4637.29 -3055.8 -5073.6 -1096.43 7727.25 -1589.5 -4195.29 1137.25 8347 -7706.75 -3836 -15709 3450.5 2171.88 -18714 -13264 26641 -18204 -3479 -5530.8 3638.29 766.333 10219.3 -5198.33 -499.8 1851.2 6191.5 -5999 -22938 2666.89 3445.29 -7102 -4360.5 6187 12405 -5503.25 3371.62 -7705.75 1475.75 -3428 4758 -14474 1146.1 -1786.62 -2843.6 -1012.67 2738.25 4528.33 6900.5 465.8 -18655 484.556 5301.5 -13426 10296.3 -1588 -1768.14 9713.67 6723.25 4339.4 -6653.5 3022.78 6391.2 -954 -1190.14 3000.86 -1011.8 -5733.75 1562.5 -15050 3264.5 -10899.5 2973.14 11974 -4549.29 

Az x darab bitcoin amit a(z) 58. szemely altal adott arany-bevetel szerint lehet felirni: -4135.5
A(z) 58. szemely arany-bevetelei: 4998 5266.75 -2853.25 -2101.3 -750 -6180 -17708 2260.5 401.4 -2428.78 1692 28602 3002.9 445.667 -2951.62 1143.11 2834.56 -384.286 -3212 -6237 -2003 4067.38 2746.83 4680.75 2489.1 -2135.8 -3068.12 11106 3595.67 1447.3 1952.4 -137 207.167 -4342.57 -5725.75 8491.67 -2270 2883.2 3582.78 3917.75 -4895.33 -3672 5432.5 -7816 -17878 -465.2 6690.67 2045.2 -1465.17 -2050 1083.8 -1081.5 977.667 -411.6 639 -1620.33 -737 -4129.43 772.6 -3336 -11093.5 -11930 804.167 -1508.4 -3708.5 2294.4 24679 -2112.22 -296.333 -13194 2646.38 -2792 6328 7744.25 800.333 3575.5 701 -1477 -6657.5 1212.7 -2809.9 28 -847 -962 -2253 -10515 77.6667 -2530.6 -1712.5 -559 -24930 5485.4 -3794.6 -2910 1363.62 -3688.33 5945.8 10589.3 -1737.33 -5231 

Az x darab bitcoin amit a(z) 59. szemely altal adott arany-bevetel szerint lehet felirni: 5929.6
A(z) 59. szemely arany-bevetelei: -12 -219.625 1362.3 -4196.33 -222 1272.14 -71 2112.6 565 -4570 -706.8 -244.5 -4332 -1433.4 2796.3 -16716 70 6548 1999.17 -15963 634.7 1683.67 6685.67 -3957.88 2568.5 3499.83 -4366.33 7435 -1825.67 -3465.88 -6407.33 21187 -3097 -8438 341.556 -4255.14 -1124 3634.25 -8960 3203 -1155.75 1443.57 -187.667 6025.6 6380.6 558 14936 -4759 -2649.7 3466.8 955.667 4930.5 -1552 -941.2 2604.78 -3752.29 10520 2230.4 -3241 9556 -1301.5 91.4444 -2767.17 -11773 -1375.62 561 -3916.5 2365.5 -1811.33 10511 -3055.57 459.889 3284.43 778.333 -2306.44 83.4 -1005 -2993.5 -3063.38 -974 2924.8 4255 2816.1 14261 -1412.5 -5330.6 10452.5 2583 -2841.2 -1579.2 -767.444 -10448 3657.75 -6157 8617 -4237.75 -2337.5 24215 -93 22613 

Az x darab bitcoin amit a(z) 60. szemely altal adott arany-bevetel szerint lehet felirni: -2166.29
A(z) 60. szemely arany-bevetelei: 287.667 2876.25 -412.625 10496 1482.75 6302 7318.5 -5268.5 2736.67 -14749.5 2724.83 -13714 2704.44 -6938.5 3819.67 3054.33 1191.75 -1815 -4495.33 2655 3267.33 -20874 2451.56 -9372 392 -59.4 -1140.88 -7302 -89.2222 -2678.25 2040.78 -3031 -953.8 -4661.75 -4407.43 1177 1240 5313.5 2817.4 -524.556 -960.2 -4012.5 2410.44 482 -615.429 -8974.33 2757.6 615 -1632.4 4380.71 -744.75 8404 -6547 -1742.71 2255.5 -190.667 -4581.5 3573.29 -3030.11 418.625 1492 656 -4984 -13442 -21952 851.5 -5904 -14879.5 -5143.25 591.714 4606.33 -2963.2 452.75 -1819.33 -1223 940.5 -4803.33 -1041.44 -2944.83 5155.83 -5620 -10626 -5296.5 4908.67 -2852.22 85.375 2333.75 4543.67 -2350.3 15528.5 1306.9 4575.83 -1793 6536.8 2100.4 4629.67 -2391.44 -6144 -1774.5 -10559 

Az x darab bitcoin amit a(z) 61. szemely altal adott arany-bevetel szerint lehet felirni: 20465
A(z) 61. szemely arany-bevetelei: -23271 -9102.33 876.375 -561.714 3488 3771.12 3427.67 -431.571 5318 -17.5 5434.5 2512.62 -2613.57 9481.5 11403.5 3856 -436.286 -9527.5 10097 2357.4 895.833 1507.8 -581.833 -3908 1729.2 2284.78 10341 6856.5 -934 5882.67 373.9 -4263 -7512.67 5356 -6727.5 -6111.2 -2710.22 2837.83 1767.4 -2686.75 926.375 -5282 6166.67 -16342 -749.714 -277.625 13831 1010.67 -99.5 -207.75 -2855.62 -2721.62 3365.5 9976 4246 -886.375 -158.25 -12549 -2007 2246.38 -3570 -2875.5 1496.5 -2007.17 3806 -21817 -3181.43 2136.56 -3200.5 -13424.5 2520.1 2605.33 3908 2580.22 -18651 -13254 -954.5 2251.56 -2848.88 -7233.75 676 -2383 1318 4428.67 -436.571 3479.5 27511 -3143 -7065 1013.5 4276.17 -3774 3349.83 -2750.56 1659.7 -7482.5 -766.333 4742 2062.2 -2641.6 

Az x darab bitcoin amit a(z) 62. szemely altal adott arany-bevetel szerint lehet felirni: -3669.5
A(z) 62. szemely arany-bevetelei: -2661.12 3113 9467 -2963.22 -102.556 -10139.7 -3465.75 1924.6 2904.8 6215.25 -1740 -3615.8 11.6667 1094.62 1702.6 -246.333 -3247.67 -3614.89 -3753 -5363.33 5012.83 3435.6 7573.67 8101 -1641.12 -2437.5 -2646.8 -1001.86 4829.75 -967.333 -10732.3 2556.67 -14282 -10779 244.4 -10771.7 -849.8 -4123.71 4065.2 4000.5 2862.33 2288.5 2667.2 17997 -680.667 -21506 -6168.75 -1948.57 2696.25 -624 4270.5 1766.1 1707.71 -2591.83 9885 -2891.33 -1189.5 629.5 -3472 -17315 -1171.6 1517.33 1362.2 -20657 -4126.33 2592.83 2028.25 -3256.29 1751 -1320.25 26373 9923.33 -4317.57 -1222.33 3865.83 956.5 -4493.17 -4646 -1713.83 3270.11 1651.71 876.2 -1323.89 11207 -9750 -1171.2 -1692.11 -215.4 226.111 -227.5 2050.33 2361.44 1380.62 -644.8 2651.33 -1289 749 1117.86 -14918 25842 

Az x darab bitcoin amit a(z) 63. szemely altal adott arany-bevetel szerint lehet felirni: -2460.1
A(z) 63. szemely arany-bevetelei: -5269.4 3108.5 -1643.75 1036.4 -2359.11 -30308 1657.5 6154.33 1716 8080 2332.57 3308.25 49.4 7352.25 -2377.9 2217.25 6034 2988.5 9920 2264.7 -4089.6 1869.86 7992.25 7764.5 -2346 -5814.67 3081 -15852.5 13746 -4026.75 587 -5972.75 2186.38 447.333 -15179 4539.67 2798.44 4604 2163.2 -9739.5 1377.7 449.1 2377.11 1344.25 -3086.44 6417 3029.25 3831.2 -625.4 -4017.33 6038.75 2051.4 7144.33 -2248.83 -5353.6 2306 1078.5 -5262 4469.5 -3251.3 -2632.12 -10477.3 -173.5 -2665.43 1758.29 8938.67 -27850 5087.5 4622.86 -7637 -2739.33 2959.86 1701.71 4654 6703 -15135.5 -3844.25 -4453.2 7484 951.222 -3706.33 7499.67 6639 1705.33 10768.7 223.167 1807 -2608.2 3446 -2035 -2247.86 -1197.6 2261.3 -32598 1999.71 -3491 -2784.6 263.667 -7732.25 -16320.5 

Az x darab bitcoin amit a(z) 64. szemely altal adott arany-bevetel szerint lehet felirni: -662.429
A(z) 64. szemely arany-bevetelei: 13847 -10501 30304 -2558.78 -17698 -6586.5 10154.5 3030 -3286.5 26863 -6076 3552 -7200.25 -3204 -428.5 2636.12 -2897.2 3758.57 8006 2689.17 -2179.56 -1552.75 3851.4 2731.67 -5636.33 5274.25 -1524.22 4351 1620.5 1811 -2617.25 -10822.5 -4586.5 -2645 -2741.33 -2678 -5163.25 4214.43 8915 2459.67 6285.8 2329 -8406 71.8571 1433.1 4914 4492 6616 -3498.67 -383.625 5656 4139.67 16100 -2929.44 -4701 1097 -1038.29 229.3 -14.3333 1881 1347.88 -6255 -2435.3 1731.22 10606 197 3018.4 724.5 -13655.5 2769.67 592.667 -1840.5 3569.8 -2933 -7428.33 -3558.5 -3145 -2169.33 -9699.33 8898.33 -2781 2082.67 -3781.67 8805.67 715 3220.83 1283 4411.57 -4852.75 4632.29 -9522 410.111 898.714 354.5 -4988.6 452 -964.625 4071.29 2828.56 -1752.2 

Az x darab bitcoin amit a(z) 65. szemely altal adott arany-bevetel szerint lehet felirni: 5299
A(z) 65. szemely arany-bevetelei: -1477 -674.5 1419.44 -2688.5 5031.8 2462.44 -2453.67 18273 470 28405 1291 -2569.4 3395.22 5039.5 -3441.5 4585.57 -785.111 239.5 1522 -5828 2158.11 3289 -2908.4 1398.2 2818.62 -3271.67 2605.75 10750 820.7 6258 580.1 -3874.57 -3952 5669.33 16094 -3025.4 -1961.4 -5127.5 -3927 2822.78 692.8 2013.3 -7956.5 5662.5 -262.5 -5840 -1984.67 569 6219.5 6839.5 -2184.89 -1271 4568.86 4588.43 4654.83 -10.5714 14312 2915.62 -3061.33 121.5 -2347.4 -245.556 -3505.62 -4876 -805.222 16128.5 -3160.22 4797.5 -1423.12 -4813 15357 -2746.62 2056.17 -23027 3959.4 3729 2583.67 844.222 -635.556 -3906.5 -5763.75 -3916.67 -8361.33 1002 581.625 1338.4 2608.4 -3679.25 2131.75 -25837 6982.5 -1495.6 -9738 -2757.9 -558 -6826.75 2925.33 2621.67 -3459.25 -1201 

Az x darab bitcoin amit a(z) 66. szemely altal adott arany-bevetel szerint lehet felirni: -10894
A(z) 66. szemely arany-bevetelei: -9235 5491.4 5075.4 -2423.4 6021.25 -1556.1 2740.25 29.5 238.222 -4160 -1042.5 -4391.71 652.111 19797 2443.56 32756 12818 2548.8 4755.2 -6064 2449.5 -2234.33 31112 -364.857 -5244 3168.2 691.2 -628.75 123.1 -28370 1101.83 -1797.17 6352.8 -2683.6 29464 4210.75 1618.86 7068 162 -9172.33 6198 -4042.12 -2081.86 -6214.75 578 -970.4 -4273.43 2386.6 7819.5 -2629.4 932.2 3075.67 1119.14 8828.5 -3511 2247.11 2624.83 -1480.12 10829.5 4808 -524.5 -137.2 -3609.38 -899.571 1338 3201.88 -2265.5 -1990.29 1097.33 -1651 27633 -378.667 1488 3312.83 -1140 -3550.62 2512.67 1918.4 -438.625 3135.9 -1791.22 -2125.75 -3131 -7970 -30950 252.429 -2984.33 2418.2 -3175.67 5875.75 587.5 1393.56 2763.6 -2327.11 2555 767.2 1494.25 -761.778 -9464.33 19813 

Az x darab bitcoin amit a(z) 67. szemely altal adott arany-bevetel szerint lehet felirni: 68.7778
A(z) 67. szemely arany-bevetelei: -3673.6 3310.5 -831.333 1571.22 17747 2854.67 2026.33 -6024 -2136.25 1328.2 2216.17 3263.86 304.8 -3829 -6762 1889.1 -1372.25 2226.4 -1110.8 -783.778 -569.222 -2544.12 525.167 4377.2 292.111 -4648 586 2165.44 3293 -24243 3868.4 15184 -1488 3996 30750 -645.875 -1131.86 14000.5 -25740 7606 -2211.1 5078.17 4006 -1471 8212.5 13221 12167.5 -3200.11 -161.667 -3450.62 17933 -9851.5 -2494.33 -3742 29 3176.12 3866.38 226.6 344.625 1819.44 8684 2279.2 1526.57 1958 -3309.71 6162 -3193.25 -804.286 2961.56 -3429.33 -254 -1355.11 -1763.89 -3745.29 3741 32025 155.5 -1343.5 -4058.62 -2054.4 -30.6667 6741.67 4511.67 3566.83 246.714 1909 1083 -2374.56 -4519.14 -906.143 3616.29 -3459.8 -7006 4457.29 532.6 1939.5 -196 18833 -4870 -4036.57 

Az x darab bitcoin amit a(z) 68. szemely altal adott arany-bevetel szerint lehet felirni: -1557.67
A(z) 68. szemely arany-bevetelei: -3877.5 3558.5 -2411.14 -2354.86 -497 3551.57 3422.67 -2667.38 3498.62 -3417.5 -4108.8 5772 1502.38 704 -4298.5 228.4 2053.4 -3352.67 1556 393 -7462 6562 2756.5 -3499.2 38.75 -14027 20658 -814.111 -167.429 1164.12 1219.5 -9074 378.111 23882 -1424.5 -11469 -10070.7 -109 -9171.33 577.5 1206.8 5256.67 23481 807.5 -964.5 1436.43 -7384.75 1228.75 -5579.75 1372.5 -2739.33 -1665.25 475.571 1899.67 -724.833 -86.3 10623 1867 -3727.33 -2255.57 -434.125 3583.5 -3952 -7236 1432.88 175.9 11676 -659 -842.75 7340.25 4218.5 12231.5 -6883 -1611 -4176.5 -15555 4875 3457.56 16382 3281.88 4656.14 5099 -1462.7 -3665.33 4596.25 -6711 2934.14 2893.8 7628.5 -5717.8 5617.33 975 416 1543.56 -5538.8 29712 -31308 -31282 -272 -1049.67 

Az x darab bitcoin amit a(z) 69. szemely altal adott arany-bevetel szerint lehet felirni: 14690
A(z) 69. szemely arany-bevetelei: -3376 3396.5 1946.1 299.667 1431.11 11003 -19116 -26657 2031 -2658 174.333 3695 -131 490.571 6551.25 -1091.25 3351.8 1295.5 3468.67 3300.5 3029.62 680.5 -2745.5 982.5 -1699.25 -24593 13014 2906.38 4190.33 -27.5 3275.25 -4151 -1812 2926.33 -5314 -3969.88 896 1207.5 1173.29 5879.25 -15095 3621.88 -9921 -10908 -3750.5 -8863.5 862.5 -414.2 -75.625 -8480.33 -4847.6 916 3019.33 1153.83 656.429 -260.6 -2494 1138.14 1163 -3725.83 -5724.5 -3141.12 -710.667 -387.667 -6433 -3247.1 985.222 -4461 3466.4 -5361.6 -859.25 -713.333 -1561.25 -3555.43 9240.33 8155.5 1470.44 6966.75 1707.6 2294.56 18239 1759.3 -1658.75 2645.67 409.375 -29 -30222 -1896.67 -5454.6 3273.11 -5175 1227.5 -2177.5 -3512.67 837.444 -3029.8 -590.143 1943.88 1535.33 1416.67 

Az x darab bitcoin amit a(z) 70. szemely altal adott arany-bevetel szerint lehet felirni: -5315.75
A(z) 70. szemely arany-bevetelei: -52.3333 -3586.25 481.286 3483.89 2923 -8708.67 -14559 2469.83 -582.111 618 1877 -3142 -4652.6 8363.33 2149.78 -6280.67 1730.75 -1450.25 21.7143 1457.1 9013.33 -521.75 -6355.4 4931.33 1947.5 -2483.88 -560.5 212.2 3166.33 -4619 -8495.67 -2093.33 -3219 2981.89 1697.11 -6420 -393.714 942.6 913.2 -3559.5 6851.33 6462.67 -2847 -2114.89 641.333 -1612.5 -2852.1 18952 -2809.17 877.5 4674.6 20144 3090.71 3527.8 3890 -2607.25 -8497 -10571 3002.5 5589.33 -2113.2 -18865 690.111 3358.71 12755.5 8382.67 13656 1609 -8849.67 -7411 -2630.11 -1427.33 7237.5 -3255 -8959.33 8515 -3794 -2020 -2426 -546.143 -11445 14046 -2131.5 4043.75 9401 437.333 -11.7 -2216 -6015.75 1959.6 -5357 1094 1858.22 -4576.17 8250.33 -2009 3214.4 3961.2 4909.25 263.125 

Az x darab bitcoin amit a(z) 71. szemely altal adott arany-bevetel szerint lehet felirni: -3678.25
A(z) 71. szemely arany-bevetelei: 449 3639.8 2382.4 -2999.56 1959.2 -3635.75 1457 1821 146.125 -1269.17 3291.5 -111.111 163.6 6567 -1136.5 -2913.33 14646.5 10527 2948.67 -2178.67 26490 707 -387.667 3006.43 -3373.25 -4810 -4632.4 -1295.17 1346.11 -15384.5 877.111 218.5 -2640.33 -6466.5 3343 -82.8 -1218.57 -2302.44 944.25 508.143 3110.2 21551 3115 5674 817.2 -862.6 -4207.75 5304.5 -443.167 -15375 -2905.2 66.9 2652.83 10777.7 -15499.5 1667.44 -26307 -2076.2 -5298.6 2763.5 8499 -5304.6 1540.5 335.167 500.222 -648.143 -1857.29 10778 2120.17 -2725.1 -833.667 1170 2940.17 15457.5 3297 -4107.5 -1255.17 3217.33 -5333 -4924.67 -1567.2 -9153 753 -6510 5215 -11960.5 -2643.7 -1875 2876.5 3273.6 -1367.6 -15284 -6834.33 15542 -7755 884.833 7576.33 3517.56 -7159.25 -1608 

Az x darab bitcoin amit a(z) 72. szemely altal adott arany-bevetel szerint lehet felirni: -1658.62
A(z) 72. szemely arany-bevetelei: -179 -2429.25 -3741.62 32167 -4514.57 -6353.4 -2678 -7550.5 -419.125 -13741 1.25 4335.8 18095 593.222 -1178.2 -1644 -13243 2973 2481.9 489.857 6890 14223 -11242 -3558 3188.89 458.5 -14055 5814 -5544 214.444 -2486.43 5985.5 -9965 2435 -2083.5 1411.4 14362.5 -1638 -4130.33 1348.8 9522 810.4 1823 978 -239.571 3286.33 -2796.89 -4027 3700.75 37.625 4121 2719.67 -2683.67 7387.25 232.167 4581.86 -3652.25 3103.4 14865 -5086.83 -10892.3 -792.143 -553 2359.33 -10584 -2618 -1192.8 -10048 549 557.25 10201.3 -3088.5 2610.11 -992 -519.889 3538.86 -10247 27919 -1876.89 3986 -22017 -1182.89 7811.5 200.2 -7468.33 21807 3057.89 -14791 318.75 -2663 5881.5 -6761.75 31647 -2715.4 10460 7738 -277 1451.33 1460.1 -10692 

Az x darab bitcoin amit a(z) 73. szemely altal adott arany-bevetel szerint lehet felirni: 2642.33
A(z) 73. szemely arany-bevetelei: 5965.75 -2506.75 2993.7 8043 2730 10723.3 1619.67 1372.33 -3033.75 8604 -2030.57 2141.75 19992 -5783 27 -14474.5 -2335.7 151.333 12200 -974.6 -1738.6 -26181 -26371 8987 441 15478 2975.11 4350.75 -1093.89 -3416.5 3340.5 8075.67 -8734 2406 -4807.5 2947.29 1571.6 1389.44 27490 26626 5470.33 -4106.33 27346 3718.57 -20234 -998 -1505.75 -15902 -13.875 -4035.5 14338 -6379 -3094.2 3142.3 -1271.33 2170.2 1504.29 -535.8 8299.5 1916.33 3648.12 -2531 -986.875 -1461.78 -1398.6 5358 -2594.29 -7593.67 -13597.5 1068.11 -7848.25 15915.5 -8431 -1490 -3281.25 2050.9 19.8 -213.833 -3622.33 -4487 -9865.33 -130.3 -1363.33 2132 2141.2 -1820.1 -2173.5 -657.444 -2840 3038.86 38.7143 -1058.67 2844.67 1054.67 -3662.2 31249 -27469 3538.43 -2924.67 -32598 

Az x darab bitcoin amit a(z) 74. szemely altal adott arany-bevetel szerint lehet felirni: 3069.75
A(z) 74. szemely arany-bevetelei: -1087.33 9667.33 -4030.43 -3274.17 -27277 -1892 2924.5 -1241.11 3909 13204 -2827.7 -755.75 19835 -5143.83 -2071.25 1613.14 -3044.89 15.8 -803 2671 -2575.89 -1195.4 -6975.25 -2010 -11033 14970 -784.1 9646 -14926 21356 457.889 1053.3 3679 -8314.5 -5047.4 -2039.29 -2738.33 2345.9 -1677.4 -765.75 -3508.5 -2797.33 -2669 168.6 -464.125 -6052.33 624 18709 6340.67 1669 -31259 -10365 -5380.2 185.5 61.2222 1453 3071.2 10164 1255.7 -3759 819.125 1528.83 2184.86 12086 18927 1727.29 -2203.75 -907 -113.333 22836 599.9 10510.5 -4760.5 -30268 -1850.7 -76 95.8889 -4614.5 -3698.86 -1765.78 -460.714 -19343 -98.3333 3573.5 -2130.11 -8405.33 12333 7948.25 16.7143 -1915.57 -25932 676.25 3830.25 -805 -1455.75 2287.25 -2198.6 3134.14 -977.429 -10619 

Az x darab bitcoin amit a(z) 75. szemely altal adott arany-bevetel szerint lehet felirni: -457.4
A(z) 75. szemely arany-bevetelei: 2026 1406.22 -979 -8087 1173.6 -2281 545.125 6867.75 11946 -550 1719.44 -1517.4 -1534.6 -1406.3 8690 2932.43 2801.62 -2466 5050.5 -2879.67 -1729.9 495.1 1573.75 2795.33 -2481 -935 7960.33 8188.5 -1086.62 -3380.29 1991.3 1319.5 3493.89 1568.38 -1358.75 1135.67 3554.5 4581 2866.89 1219.5 1820 -10727 -2701.6 -11558 -5160.67 -1886.75 12925.5 -3293.83 -1281.71 -30895 2460.75 3461 -4192 1411.8 -3234.5 3502.67 4059.5 929.667 -20475 -7665.67 -2739.25 -3650 -1995 614.7 -770.444 2356.33 -2810.2 28453 -1097.89 13286 3642.14 -2384.25 -3921.33 -2594.88 8079 1499 796 -5462.25 16116 -6693 -590.8 3853.5 9801.33 642.444 1532.25 -9616 -3148.2 -5409.75 -7291.33 -3473.88 14708 2443.5 227.429 -2216.67 -8172.25 -902.6 -2856.33 -2903.12 -396 7498 

Az x darab bitcoin amit a(z) 76. szemely altal adott arany-bevetel szerint lehet felirni: -587
A(z) 76. szemely arany-bevetelei: 2838.4 2577.75 620.75 2367.83 4197.29 1758.67 2315.5 2733.89 -4135.29 -1066.3 -615.875 732.222 -14626 1007.6 -1415.67 187 167.5 25456 -2004 1514 4308.5 428.875 1791.12 -2510 -1352.83 -408.2 19012 6053 -7654.5 -6354.8 -2114.44 -2082.8 -4105.86 -62.1429 194.875 -6318.6 12981 3179 1242.44 -1444.9 -931.25 1565.5 -703.111 1188.12 6736.5 2535.33 493 -8369.5 11371 -2137 6324.33 -1175.5 2061.11 -5812.5 2204.17 -2840.62 38.4 -26161 1209.7 -3017.17 5750.6 -3537.89 2235.57 6302.5 -6507 14681.5 5613.6 95 -3183.62 -14306 -6288.25 -275.333 -634.8 -659.375 1261 2029 -369.833 14757 -1404.4 1651.78 -6317.4 3785.5 -8507.67 5227 19822 298.556 9990.5 3152.5 7180 -23622 30834 3963.62 390.889 -6455 7531.75 4201.14 1058.8 -2138.5 1206.8 1923.29 

Az x darab bitcoin amit a(z) 77. szemely altal adott arany-bevetel szerint lehet felirni: -2512.89
A(z) 77. szemely arany-bevetelei: -3869.67 484 -6352.4 1404.25 3095.33 -2397.4 -1469.67 3352.11 5466.2 -1730.67 -657.2 -1762.75 -5798.25 -7916.67 9666 66 5442 5573.8 4421.4 23186 2.66667 5123.25 1182 -867 -378 854.875 -480.857 244.7 -3653 -4057.5 -1025.83 2452.8 -4168 -3010.14 -3236 1926.86 7461.5 -2906.8 -2779.3 -6633 2232 1012.67 1316.11 -339.9 -7709.5 950.2 -4463 607.7 -1152.25 -2960.2 -1586.33 -9381 -1236 -3209.38 -1910.4 -6587.33 4591 -5872 -2034.5 -4818 15821 2268.25 -2347.86 4543.75 -1194.33 4063 -376.714 -195 7460.5 -5008.33 3179.67 3883.67 3392.43 -2697.8 5272.2 18575 -5689.5 3272.5 -4026.43 -10756 -356.333 -1108.12 6334.8 -644.3 765.5 -8823 -30830 604 -5080.67 -713.333 -1300 386.8 -15276.5 1838.6 -5513.5 -588 -3105 -7703.25 -7536 -6970.67 

Az x darab bitcoin amit a(z) 78. szemely altal adott arany-bevetel szerint lehet felirni: -8189
A(z) 78. szemely arany-bevetelei: 5798.5 522 -4495.86 -9213 -1629.57 -3564.17 6742.5 -4784 2607.83 -3609.83 2679.6 -1195.1 -7596.33 -977 1995.25 507.4 -3985 -113 3773 -1604.86 -508.2 13974 -27750 -2361 2634.4 -1471 -3914.67 -816.667 3164 -10224.5 7800.25 5107.2 -4198 -5874.5 -8821.33 4647.33 -8171 -6435.5 3048 3643.33 14.5 2163 -593 13801 2646.62 288.4 21578 1118 -982.833 -3371.12 355.9 12625 -3966.5 1163 -7763.5 5382.33 -2319.89 3064.71 -19011 18757 2513.1 2094.6 571 -374.5 29643 -2482.5 9412.33 8519.5 13246.5 -4844.6 4657.43 -4378.2 -745.9 14273.5 -1470.25 -11080 -2088.11 551.6 -2431 6376.6 1707.11 -1450.3 3462.4 6101 581.5 -395.5 1531.56 -13502 740.5 3638.25 -2204 1251.8 -3266 -31118 -3358.5 123.7 1937.33 3150 4743.83 -3923.62 

Az x darab bitcoin amit a(z) 79. szemely altal adott arany-bevetel szerint lehet felirni: 995.25
A(z) 79. szemely arany-bevetelei: 7708 8234.67 4958.5 151.625 -4697.83 7870.33 2059.67 -5022 5776.8 3645.57 -2718.4 -2367.14 1125.2 -3823 874.375 4052.8 -3025.33 -12785 3476 -13064 -2707.4 -16356 -2441.3 7976.67 -3132.33 1864.3 1222.25 -1402 29093 -2911.25 -6206 -10787 8738.5 3613.44 -1393.2 1622.29 931.333 2954.3 -4748 -6703.5 2997.78 -12788 -3774.67 4581.67 3674.5 2137.67 -2897.67 5105 -3807 2401.8 3239.89 -2016.78 18709 -2729.11 24067 -5566.5 3301.89 -1617 168.1 -7166.33 -3247.4 -2065.6 -3071 1092 -2381.9 1099 -2838.22 676.8 -2477 -1970.2 3287.17 2841.75 10415.7 -4057.67 -404.4 397.5 -9477.33 -7398 1328.8 -7028.67 -78.4286 2878.86 1155.5 3013.5 -2496.8 -5127.75 5399.5 30729 5267 1845.43 4015.14 -1462 -3998.75 2851.44 254 -1313 -1831.62 3223.71 3704.14 -2338.25 

Az x darab bitcoin amit a(z) 80. szemely altal adott arany-bevetel szerint lehet felirni: -3648.75
A(z) 80. szemely arany-bevetelei: -15711 -6046 10849.5 3185.2 95.6667 3360.6 -3489.86 1178.2 10674.3 13700 -3016.11 -10071.3 -2794.88 4229.17 -1273 -5497.5 -1171.8 -1946.71 -7093 6925.25 -3572.57 -4490.4 1714.3 -1302.25 22435 -339.7 -30122 2094.5 1121.43 3620.5 5915 3122.12 5337.83 3674.29 3402.38 962.375 -3878 4484.8 2343.88 956.3 3417.43 -4649.14 -570.167 3383 2598 -1558 1909.33 100.75 -982.625 8575 4666.29 1067.6 12239 3304.11 1463.6 235 -10779.7 3595 -7986.67 -12870 -1870.25 -5437 -4077.25 -4886.5 -2600.25 -773.75 3921.14 8244.33 2059.8 1408.4 -946.857 -2917.33 1182.57 -23830 -10121.5 244.5 -4731.33 6754 1634.2 540.5 6919 1477 8025 10071 -1018.22 -4991.5 -1273 2977.25 -448.889 -1703.4 15202.5 -905.625 -293.3 1915.38 -20842 -163.571 5496.67 2100.57 3105 656 

Az x darab bitcoin amit a(z) 81. szemely altal adott arany-bevetel szerint lehet felirni: 4215.29
A(z) 81. szemely arany-bevetelei: -287.4 -2789 -1065.1 2847.4 -1007 150.8 3221.6 -7905 -3323 5946 14967.5 985.25 -330.143 162.333 -2157.33 26783 -687.667 899.25 -2257 -1010.6 5970.5 -1482.3 3661.86 -2773.5 -2862.33 3377.67 -2031.29 2619.25 -4237.29 -1890.9 14683.5 -1162 -2268 -5922 9190.33 -2491.44 2145.22 2448.75 3004.22 30031 -2221.14 976.5 3251.75 1669.1 554.333 -2488.75 -4624 -2197.22 -8464.33 -5910.67 3129.6 -5877.33 -3645.67 -3646.86 2123 53.8 -2188.38 161 -412.111 1559.29 -2800.8 1590 4499.83 199.222 3374.5 478.75 11409 -9586 2065.43 108.75 4928.5 993 -27065 -3307 8499 1790.3 -3521.83 -9819.5 81.5 2928.67 -1599.67 -2838.17 -3598.6 3219.17 2859.6 29935 2882 935.286 -1669.9 365.667 5550 5837.6 -7251.5 -2510.38 2260.67 -2697.75 3205.43 -1753.17 -2185.38 1958.5 

Az x darab bitcoin amit a(z) 82. szemely altal adott arany-bevetel szerint lehet felirni: 3700.86
A(z) 82. szemely arany-bevetelei: -1846.6 -4615.33 -5420.5 -7336.5 -533.333 -1490.56 -6352.4 -194 -14107 -4459 3256.88 1889.25 1922.62 651.8 -113.667 -5548.8 -12867 1851.6 -2252.89 6714.75 -765.889 18527 567.857 256.429 6439.2 3806.2 -8198 -3616.62 2706 -2644 3121 620 186 -190.857 -1989 73.875 -3633 -26192 1218.38 -1913.38 9367.67 -2439.9 -27552 10680.5 12053.5 17327 -703.75 3525.83 -2331.5 338.25 6900.5 2351.14 -3575.71 -3882.33 4375.57 3377.83 646.333 10707 4572.67 2364.33 5574.33 -7772.5 -1397.33 -188.6 13266.5 -692.5 -440.125 -5102.5 -2384 2007.7 -4540.5 -725.8 -1934.38 29616 3401.5 3749.5 -11392.5 -5002 -1337.5 -26874 -687 -154 241.667 -7 31245 1674.44 181.25 -675.625 -18186 -2918.4 -2938 2474.9 -8158 2116.67 -476 23905 -3297.43 -6543.8 2248.5 2882.22 

Az x darab bitcoin amit a(z) 83. szemely altal adott arany-bevetel szerint lehet felirni: -4327.6
A(z) 83. szemely arany-bevetelei: -2746.5 -2139.4 4080.75 -6507.5 3481.78 4436.5 -6683.25 -2478.2 -8125 -4200.43 -4319.5 964.75 -2567.67 -6766 -1099.4 -2296 -2277 -9349.33 6194 11.1 1194 -10156 4436.4 2494.75 -3220 -2792 -10452.3 538.125 -1359.2 3484.43 -587.5 -2900.75 15568 3413.17 -391.667 9387 -8071.5 1908.89 -7257 -1953.83 -3090.57 234.625 -12708 -570.2 912.5 14870.5 2813.33 14273 5981 5651.5 301.1 7720.25 7308.75 -3003.57 -14125 -2070.8 7269.67 -3542.12 -3227.6 -66 4499.57 3648.33 -3888.88 7344.67 4793.5 1284.3 783.5 -2132.6 12445.5 -5183.17 -17905 7947.5 -3482.11 706.2 2030 -4382.57 -4269.5 -1560.89 5099.67 3303.75 3545.75 -18310 1975 10582 -133.9 3594 -2392.11 -1186.5 -514.5 5309.2 -4075.88 26981 580.286 7851 -2095.89 -244.429 -28352 1775.57 -946.5 755.5 

Az x darab bitcoin amit a(z) 84. szemely altal adott arany-bevetel szerint lehet felirni: 5574.6
A(z) 84. szemely arany-bevetelei: -11187.5 -7936.25 -390 289.3 1072.67 4012 -5543.67 -3536.33 2719.75 1450.17 -2344.2 -2288.6 -1827.2 4387.8 -6850.33 -5871.6 23224 4374.67 -850 -1497.2 -630.667 981 3520.4 1415 2175.6 -13013.5 -1623.4 -861 6503.5 3350 8184 24711 -3181.44 4488.43 2178.25 15008.5 21133 -1136 927 8866.33 -1678.33 -11929.5 -2601.89 -1511.67 2932.2 22212 2846 -2824.75 2696.22 743.2 -1718.4 -2448.12 1912.78 249.333 4461 2258.67 427 2853.56 2513.44 -2467.25 6812.33 -4452.71 -1061.6 2101.5 -10392.3 -1405.75 190.25 -4980.67 -10563 796.111 6065.5 4054.25 4402.14 6657 5030.33 -8034.5 1815.62 759.9 2770 -10171.7 341.3 10713 2786.1 2105.1 -9960.67 -1778.22 1115.78 2001.56 9398 -1407 -3068.11 -2680.1 4181.4 14989 1819.4 -323 4105.2 -3650.17 528.5 14430 

Az x darab bitcoin amit a(z) 85. szemely altal adott arany-bevetel szerint lehet felirni: 642
A(z) 85. szemely arany-bevetelei: 2859.33 5023.6 -8500.5 -2888 -6412.8 2131.43 3490 -2793.4 1236.14 -7148.75 -28021 10665 -3127 5204.83 -5517.4 2286.1 6265.67 6541.8 -619.5 1217.75 -6721 -651 -4596.8 2539.2 -2867.89 2871.4 20672 14592.5 3337.44 -3482 -2430.29 -2183.8 2041 -1037 3910 5609 -8172.33 6773.75 1194.44 -5530 5021.5 10437 5312.17 2103.12 2232.7 5840 -19760 -944.4 8427 -3567.38 -2046.75 -1845.75 2794.33 -4644.5 106.571 -741.667 5645.2 134.5 -1762.75 63.2222 3236.75 5173 7015.25 -18567 8229 12059.5 -4543 10351.3 2867.86 -3778.2 -15975.5 -29475 385 -1109.5 26096 1152.33 -10004.7 4971 -5342.33 -2407.5 -4445.33 -9353 8307.33 -1166.1 2604.33 7137.67 -30.3 1091.33 -10945 -3003 20739 18383 -9325 -10565 1943 2646.17 1423.75 4929 10884 -2554 

Az x darab bitcoin amit a(z) 86. szemely altal adott arany-bevetel szerint lehet felirni: 7541
A(z) 86. szemely arany-bevetelei: -9052 -7859.75 -6727 801.5 12942 4054.25 1000.75 2215.29 -7613.75 1439 3535.56 925.667 -1289.71 483.571 -9868 16024 -3671.12 208 -4426.5 1268.75 -3759 1560.25 -5853.5 -15395.5 -343 2856.5 -1104 8090.75 1474.67 5424 -4248.2 -191 -1734.6 1137 5056.4 2528.29 11241 3658.5 2947.67 1325 9033 -4392 2842.78 31623 -5681.75 1606.12 1736.4 -988.667 -6890.33 -3648.83 -492.5 -2618.5 -3909 -6688 -1714 6516.2 378.667 1195.29 215.5 2506.86 -1271.12 -1628.5 2185.44 2855.5 -7949.5 15454.5 -14177 5465.5 8002 2580.17 6726.33 1892.33 4317.5 7150.5 -449 -2905 -304.714 -2169.33 3252.44 2450 -2077.75 2697.71 546.429 3365.14 2605.29 446.7 -1870.25 -1266.33 -1774.6 1489.62 1444.78 8296.67 -2594.12 4153 7110.33 -1138.29 -1737.2 -3657.33 1829.25 7355.5 

Az x darab bitcoin amit a(z) 87. szemely altal adott arany-bevetel szerint lehet felirni: -1466.43
A(z) 87. szemely arany-bevetelei: -1212.9 29137 -214 2516.14 -261 -410.3 946 5284 -2552.14 -1712.5 -7613.5 -3391 -2035.9 19261 2923 -1341 -6858.5 -5487.6 -1826.5 1227.86 30804 3758.33 3652.33 -512.778 -2053.83 -1914 1428 -603.167 -13892.5 -4828.67 2775.83 6494 -12451 -5897 -5315.6 5345.67 3635.75 8482 3940 -1165.75 4300.71 -919.167 -4301.57 2900.4 -2955.22 -17127 313.2 476.6 4759.25 2930.29 -9245 504.6 1905.86 -11380 4591.5 -2627.6 1192.71 -3880.43 2785.29 -961.75 756.667 13582.5 -22308 -2266.89 -3465.67 -4828.75 1467.6 -7770.75 2692.25 4335.83 -2795.75 1101.25 1202.57 415.9 -6617.25 3924 -2557.75 -11828 -8975 -4184.8 1644.5 703.667 -675.167 9419.33 -5631.5 251.667 5017.8 -3362.4 3508.78 -2000.56 267 4343 3038.25 -2616.7 8258 -10881.3 -1258.8 8195 27444 -9164.67 

Az x darab bitcoin amit a(z) 88. szemely altal adott arany-bevetel szerint lehet felirni: 5685.8
A(z) 88. szemely arany-bevetelei: -22567 7893 -1962 6258.2 -4570.71 -1327.67 -2473.57 -2078.14 -6286 -2750.56 7968.33 -2061 -5537 -1684.75 1916.44 1589.1 -3167 -5489 1177.33 -2644.11 6064.67 340.25 1824.29 8351 -1323.25 -10626 -14837 -4039.86 1887.4 -1117.56 269 -1053.43 -2744.11 2117.71 -3323 -263.5 2695.86 -912.3 -3146.4 -3736.5 -79.7778 4868 -16374 -1921.71 -1446.5 318.167 -38.4286 -3380.43 -1835.6 1916.17 -1263.33 1975.29 1259.78 -1666.17 -541.5 -2109.33 640.125 3598.56 2953.33 1256.3 -3566.86 -3218.33 -589 -1977.5 294 -2851.67 4542.8 -9598 -1077 2447.2 372.625 5459.75 2948.86 -26243 -4157.4 -1430.2 15023.5 -4048 -2280.25 374.778 -1237.86 1692.4 -7567.5 -1923 11515 43.125 -1976.67 -783.4 -9099.33 -1675.86 -1774.6 5427.2 9320 -8999.67 -2799 2785.6 -7722.5 -4774 -390.571 21.7143 

Az x darab bitcoin amit a(z) 89. szemely altal adott arany-bevetel szerint lehet felirni: -1578.6
A(z) 89. szemely arany-bevetelei: -4304 -3696.43 1972.67 -2420.29 -2879.5 11472 4343.5 -10913.3 -742.2 -1848.67 -6809.25 -4659.25 -730.4 -256 3383.25 2504.67 -4764.2 -2940.75 1772 2437.89 -4343.67 -5745.25 -15212 21329 3039.83 -5995.67 6364.2 10088 -12947.5 -2578 1028.86 -3203.43 2867.57 -3133.8 -1414 12776 2107.1 -1293.4 -17908 -1743.67 2075.7 -1815.5 -1093.62 3371 -841.333 -5666.67 12268.5 2347.67 -2346.67 2620.43 -8860 5002.2 4307.86 -957.667 2354 -5327 -3027.5 119.667 -668.875 -4277 3296.6 -5768.8 4029.8 16386 3311.57 -1902.44 3050.62 2681.78 -2415.67 193.375 4429.33 1534.86 -16279 3250.4 -7591.75 110.25 -18642 4747.5 -324.1 812 4098.75 -5353.25 1775.6 -4066.5 8484 988.111 -3298.33 1155.3 23911 1395.6 695 6162.33 -4861.33 7049.5 4282 -9505.5 2501.3 -3693 -728.857 6769.75 

Az x darab bitcoin amit a(z) 90. szemely altal adott arany-bevetel szerint lehet felirni: 2645
A(z) 90. szemely arany-bevetelei: -3865 -3483.86 -2926.75 -14224.5 -2440.8 -2637.67 -2709 612 -2058 -2272.56 1388.33 -5953.5 -6404.6 -4902 -73.875 7983 9908 5223 -510.714 1065.67 -2437.8 -1210.5 -8970 3443 -1808.22 30547 1544.4 -4444.5 12043 2985.89 -5815 2139.89 3884.75 2765.14 2659.4 818.333 -2210.67 -5011 8073 3486.14 3473.67 -1548.33 -3276.8 -9929 1968.78 249 -1530.17 -1396.2 2529.17 2239.86 2262.75 4905.5 1646.5 2927 -10240.5 -23900 -1889.29 -2669 -5 -526.125 -1458 3376.33 1194.67 -291.833 -1348.4 -3436.5 -12851 -2046.29 -4828.4 -4959.4 -7449 4147.86 -739.7 -1366 -4232.29 3882.86 2521 100.571 -5.3 -3375.5 1605.62 -6500.75 -1954.3 7370 -3217.6 -3195.33 -2781.75 1704.33 23841 -2696.33 2289.25 2988.14 -1832.67 5733.5 -4522.71 -11011 -5971.6 -6569 4184.5 1558 

Az x darab bitcoin amit a(z) 91. szemely altal adott arany-bevetel szerint lehet felirni: 4976
A(z) 91. szemely arany-bevetelei: 3936.8 -3483.33 -2628 -3241.5 -3294.14 -2607.89 -1463.71 4759.75 2064.71 677.333 -16248.5 1413.33 3820.12 2381.67 631.5 -346.5 -3834.5 -70.4286 -7445.5 -2393.5 -29654 2280.5 -16732 -2154 3384.12 -2269.6 433.667 -1393.67 986.9 -4121.5 -10436.7 -2133.44 2781.14 6091 109.857 -2908 3106.29 3064 904.167 1273 3728.29 -3377 -78 -5009.4 -7233 -5983.33 -5085.6 -2924.7 -220.833 12398 1062.67 -5688 2205.4 -4318.43 -3135.89 1889.57 12741 1947.11 -2764.62 3199 2735.86 -4039 -440.667 6371 -781.75 -27406 -4573.17 -5234.75 1626.89 3851 2262.33 -2225.43 2568.67 2833.4 3514.25 577.125 2326.56 -4516 3629.25 -13255.5 -4148 2111.29 -7775.33 -6914.33 -480 -3735.5 -995.143 -1711.44 1311.9 2667 -5395.25 2327.44 -1178.4 14056 4412 847.857 8.25 3210.2 3565.25 -19267 

Az x darab bitcoin amit a(z) 92. szemely altal adott arany-bevetel szerint lehet felirni: 2693
A(z) 92. szemely arany-bevetelei: -2600.75 7239 2587.17 10293.7 8929 -983.25 -1658.67 9010.67 14725.5 -5621.5 -4836.75 -1359.3 -3584.43 5674.67 3335.86 16346.5 3680.25 -2692.17 4194.75 254.5 -6193.4 1468 4451.57 19407 -9765 9341 516.714 6479.5 -4863.33 973.8 6131.33 4368.5 -2898.3 -1791.33 4643.33 -2867.8 31798 3517.5 602.2 -473.4 -2326.29 -12855.5 362.833 -4912.6 -490.8 -3033.71 -3724.25 -4023 13024 121.6 4054.17 -3685 -6949.5 14240.5 -3149 -9876 -6284 -2626.5 -4264.29 -3958.75 1238.6 1300.6 2055.1 13 1531.14 -2453.6 9138.5 9101 -7113.25 3578 4297.67 -5420 -2783 -1282.8 459.714 862.8 27309 717.333 -2605.57 8428 841.75 -2400.25 6632 2458 7413 15101 795.7 1879.2 33.1429 9750 6288.4 -5138 -239.6 -9196.5 1801.29 -3413.83 -300.444 7054.25 717 -23126 

Az x darab bitcoin amit a(z) 93. szemely altal adott arany-bevetel szerint lehet felirni: 2587.5
A(z) 93. szemely arany-bevetelei: 754 -2433.62 -847.5 4466.75 -1857.83 2706.14 11763.5 3015 -7451.25 -4257.5 1059.14 -1640.38 1342.86 -2538 -5424.33 1576.56 -1068 10238.3 8756.5 192.857 3129.89 3108.71 306.2 -28771 -1142.88 -3161.8 -688.5 -4069.43 5757 -14299 791.8 -3792.71 11732.5 1317.2 3944.25 1369 163.333 -1759.75 -26929 3795.12 9056.67 6382 1388.4 -11192 -5678.5 647.125 2500.6 -4248.71 9019.33 -106.125 1547.25 -569.7 -2560.88 3799.75 8918 1559.9 -825.667 106.778 -28982 11259.5 -2600.5 -8684.67 -2567 -4753 -1742.7 3441.33 1696.3 -128 -1779.1 -3318.83 -4272 2558.67 3510.83 4172.25 -10307 -5481 -6264 4179.43 5889.6 2410.5 6573 2526.11 5736 -5411 2688 6793 -3231.5 -1553 -4825.67 8423.33 -30678 -4463.5 -9812 18374 -4751 39 7124 3759.5 -7306.5 -839 

Az x darab bitcoin amit a(z) 94. szemely altal adott arany-bevetel szerint lehet felirni: 1252.25
A(z) 94. szemely arany-bevetelei: 537.167 2884.14 -2795.83 39 15107 -3124.25 -3328 -4059.71 11399 -27339 -60.6 -2528.12 -3591.67 1291.22 -1960.17 3321.25 -953.778 -3320.57 7548 2895 -7494.25 -3987.25 26925 -3215.57 -482.25 2554.5 14629.5 -10301.3 -22354 -3208.2 -3967 3215.33 10037.3 -5851.75 8037.5 2314.43 -1540.11 -9457 -2957.4 -4222.5 5042.5 -5198.5 1344.14 -921.6 -1353 -3115.2 3493.25 -1508.43 -3222.67 3082.5 19037 -1549.5 5864.5 1129.1 -1782.5 3465.67 2890 1131.33 -3478.25 -3572.38 58 24.1667 1855.89 912.5 -552.429 -595.75 -1823.2 -2663.14 3495.8 -562.25 -2158.89 21657 -1656 -4924.83 -413 -4459.25 8154.5 -1656.14 2040.7 3389.8 3228.4 4957.33 -3791.29 3662.88 -5249.5 197.222 594.833 -10994.5 -1406.14 5964.6 -2046.75 11188 12006.5 -307.857 7998 2875 3176.25 -13.1 3345.25 6670.33 

Az x darab bitcoin amit a(z) 95. szemely altal adott arany-bevetel szerint lehet felirni: -721
A(z) 95. szemely arany-bevetelei: -7664.25 -16225 -539.143 -699.889 -2584.4 1043.17 5040 -15033 1586.78 3597 -2996 -2950.2 -3665.14 -4528.71 2054.5 -7937.75 -3126 -3022.9 590.5 3985 2075.17 1193.14 -1440 -4453.29 -3965 1284.3 8716.5 -38 -4429.25 -1917.56 -29614 5303.5 2066.83 -3349.5 -415.9 5519.6 -891 -1196.25 8913 -6499.5 2375.1 2462.14 -2219.33 -3718.86 2933.8 -6954 -3869.2 6427.33 25846 -3145.71 1742.5 206.857 -19.9 4398.33 -2738.71 4332 3521.86 1158.8 -1589.89 -7708.25 -760.571 708.125 -10457 -3835.67 2963 266.167 611.8 -2871.17 14276 1334.57 3945.33 -745.75 2655.2 2039.62 -3970.43 -1501.75 23917 -3637 923.5 -1312.6 -488 10678 -3218.9 -13758 -14338 -2044 8521 -6640 2717.11 8596.67 516.222 3580.71 -1575.11 1823.86 29838 -411.429 -1503 2609.75 5360.8 -5236.8 

Az x darab bitcoin amit a(z) 96. szemely altal adott arany-bevetel szerint lehet felirni: -2694.89
A(z) 96. szemely arany-bevetelei: 2626 -2314.5 11778.5 -2599.5 704.833 -7423.5 1432.86 -7602.25 10263.5 3813.5 -2934.38 1588.29 -1097 1117.6 2003.67 7862 -7004 -6446.8 1214.14 -8412.5 1586.12 1426 -11126 462.8 -31 -23707 -10777.5 -4197.14 28183 2788 -2730.33 -1060.25 -5714 -1066.5 14499 -31399 8354 3622 3617.5 -1344.86 159 -5154.33 2111.11 25552 -6850 2733 -318.25 -344.556 -3523.25 -1026.9 5320.6 14399 -611.286 9578 15065.5 -5200.17 5013.5 -10768.3 792.2 -2157.3 -2913.5 -8594.67 2327.86 -11888 -27629 -2388.9 1744.33 1969.88 10841.7 -4274.14 21832 -2495.7 31.625 980.375 -4178 -2411 20243 -5912.67 -4259.75 2183.67 -10309.5 4671 2186.33 1515 -999.667 7559.25 -2469.2 597 -6655.67 8403.5 -2937 1166.88 -645.222 3655.33 1044 1640.4 -3095.43 -2534.33 -27769 7588 

Az x darab bitcoin amit a(z) 97. szemely altal adott arany-bevetel szerint lehet felirni: 678.4
A(z) 97. szemely arany-bevetelei: 1682.43 -4788 -1678.78 9486.33 3599.29 3184.62 11500.5 1633 12588.5 -2160.9 2438 -2414.2 3615.2 7511.67 -4035.88 -1303.78 5929.5 -2245.71 -2392.7 -1052.8 -171 -891.25 664.1 3755.75 -1921.2 -212.5 -11227.5 -269.2 1050 912 305.143 -1451 -3874 -74.5 -4273.4 3089.86 -6022 21437 -1201 -4892.8 -3248 505.6 -1369.75 -3856.83 696 323.857 -3078.14 -2197.33 -2633.2 7012 870.333 3520.5 -557.222 -6062 -4051 -2451.8 -1744 -7377.33 -142.111 -9 -3390.67 -2065.88 -2600.22 -4328 -2294.67 778.5 3101.12 727.6 11776.5 -3507 4634 -10000 -3508.33 -6003.25 -4591.57 -345.2 -2288.88 -2197.1 2877.44 3707.38 7389.67 -5239 4201.57 -2351.43 7008 22051 -5894 -5622 -1101.88 -30224 -3902.5 -1253.56 462.5 9342 -4585 1992.25 -7025.33 -8084.5 1293.11 638.111 

Az x darab bitcoin amit a(z) 98. szemely altal adott arany-bevetel szerint lehet felirni: 2539.57
A(z) 98. szemely arany-bevetelei: 26343 25.2 -2108.3 -2259.5 562.444 -1441.38 -2453.12 6541 -11431 -8025 6984 -1232.43 1696.89 19717 1751 3171.33 9027.67 -8875 2989.67 -3780.38 -1925.89 -2608.25 5324.75 1321.67 -96.7143 2524.25 4177.6 2548.6 -2777 -848.429 -6041.4 -2429.38 2937.89 -2034.29 1218.5 -455.286 2295 -1262.22 -1733.17 6862.5 -5381 2427 -5793.75 -7296.5 12184 398.286 4946.5 476.833 1319.57 3119 -450.667 -3176.5 -1235.38 -154.111 1027 21548 28348 1614.88 -1176.57 -785.667 2374.5 415.4 -2348.89 1929 488 2904.2 7629.25 2806.33 -23648 -67.7 31511 -2366.8 117.833 -1611.17 1508.33 -3189.33 538.5 2598 -12854.5 467.4 3822.25 95.1111 1572.67 1345.33 -319.375 -1154.12 -1576.25 16256.5 2358.14 -1822.56 5590 7402.67 2267.44 -1307 -1127.67 -594.667 -2613 -2331.75 8433 -19567 

Az x darab bitcoin amit a(z) 99. szemely altal adott arany-bevetel szerint lehet felirni: -1459
A(z) 99. szemely arany-bevetelei: 1918.5 437.2 -5863.5 -1583.38 -9768.67 936.143 -9938 -841.222 1542.44 4362.57 6574.5 -1111.9 -2610.4 -3008.5 -4658.71 4763.8 13540.5 4826.5 1578.62 -1673 3694.67 12487 -4731 3151.67 -2631.44 -2709.38 -3114.57 211.4 41.75 2402.8 1191 -2607.86 -2680.8 -7772 -739.8 -18672 -260.667 -3748 2075.5 1231.2 7498.67 -22359 666.571 -12783 -2768.2 3161.5 9046 1622.67 -20397 -1591.5 64.5 9193 5279.5 -11045.5 -137.333 2275.57 6141.8 2484.33 -3281.29 3032.71 2804 2597 1423.33 -11161 -51.1 -3300.57 2185.25 -396.571 -667.429 10449 1849.2 1804.1 -2971.5 1857.5 -1744 -5244.25 -3627 -12123 21108 2996.67 4216.83 5559.25 5028.5 -43.4 -830.75 3424.75 -8110.33 -2567.43 13073 1294.5 -797.5 -2110.62 -9346 3147.71 -2604.33 -4706.83 -466.833 7027 1650.9 4568.71 

Az x darab bitcoin amit a(z) 100. szemely altal adott arany-bevetel szerint lehet felirni: 3638
A(z) 100. szemely arany-bevetelei: -2092.88 5653.67 4909.5 19358 -3640.5 -2662.88 7012.67 -3229.25 173.167 3019 438.8 -1749.5 -3426 754.2 983.3 -1248 -1503 -7132 1618.33 2842.56 -110.2 6405.6 2270.14 -3066.8 1978.33 3300 -506.8 7461 560 7473 5370.6 10789.3 16367 -35 27660 -1891.7 2313 -366.714 3927 -3703.75 -2034.25 -1586.5 -2435.14 1057.3 5701.5 2580.5 -3665.14 -109.1 221.6 290.875 2249.33 29861 -1315 25761 29695 -3075.29 -4081 1296.25 1104.8 -1291.67 -5984 -11945 2630.44 8675.67 -7512.25 -3194 -116.25 2691.4 -8602.67 1579 12570 2695.4 1942 -822.333 5401 7749 13196 2571.3 1344 -2541.14 -1370.88 -127.833 4076.25 2824.56 -2432.43 2886.33 2702.25 -2015.62 -697.8 -389 2793.88 -7315 -8366 -18597 10594 -2681.12 11098 -2184.2 -513.375 721.571 



A szemelyek nyeresege/vesztessege: 
1. szemely: (nyereseg)		0.509999 darab bitcoin 
2. szemely: (nyereseg)		0.232723 darab bitcoin 
3. szemely: (veszteseg)	-0.696807 darab bitcoin
4. szemely: (nyereseg)		0.111554 darab bitcoin 
5. szemely: (nyereseg)		1.00499 darab bitcoin 
6. szemely: (nyereseg)		1.03276 darab bitcoin 
7. szemely: (veszteseg)	-0.101946 darab bitcoin
8. szemely: (nyereseg)		0.0692792 darab bitcoin 
9. szemely: (nyereseg)		0.599308 darab bitcoin 
10. szemely: (veszteseg)	-0.0483363 darab bitcoin
11. szemely: (veszteseg)	-0.877756 darab bitcoin
12. szemely: (nyereseg)		1.29298 darab bitcoin 
13. szemely: (nyereseg)		0.591588 darab bitcoin 
14. szemely: (veszteseg)	-0.723713 darab bitcoin
15. szemely: (nyereseg)		1.17466 darab bitcoin 
16. szemely: (nyereseg)		0.85507 darab bitcoin 
17. szemely: (nyereseg)		0.734231 darab bitcoin 
18. szemely: (veszteseg)	-0.0590957 darab bitcoin
19. szemely: (nyereseg)		1.06691 darab bitcoin 
20. szemely: (nyereseg)		0.328154 darab bitcoin 
21. szemely: (nyereseg)		0.00686538 darab bitcoin 
22. szemely: (nyereseg)		0.452023 darab bitcoin 
23. szemely: (veszteseg)	-0.33815 darab bitcoin
24. szemely: (veszteseg)	-0.0232206 darab bitcoin
25. szemely: (nyereseg)		1.57587 darab bitcoin 
26. szemely: (nyereseg)		0.582266 darab bitcoin 
27. szemely: (veszteseg)	-0.455153 darab bitcoin
28. szemely: (veszteseg)	-1.11924 darab bitcoin
29. szemely: (veszteseg)	-0.35733 darab bitcoin
30. szemely: (nyereseg)		0.0252454 darab bitcoin 
31. szemely: (nyereseg)		0.603443 darab bitcoin 
32. szemely: (veszteseg)	-0.266042 darab bitcoin
33. szemely: (veszteseg)	-1.99058 darab bitcoin
34. szemely: (nyereseg)		0.227829 darab bitcoin 
35. szemely: (nyereseg)		0.194128 darab bitcoin 
36. szemely: (nyereseg)		0.0474745 darab bitcoin 
37. szemely: (veszteseg)	-0.466082 darab bitcoin
38. szemely: (nyereseg)		0.774519 darab bitcoin 
39. szemely: (nyereseg)		0.451062 darab bitcoin 
40. szemely: (nyereseg)		0.517777 darab bitcoin 
41. szemely: (veszteseg)	-0.265952 darab bitcoin
42. szemely: (nyereseg)		1.1727 darab bitcoin 
43. szemely: (veszteseg)	-0.969893 darab bitcoin
44. szemely: (nyereseg)		0.265647 darab bitcoin 
45. szemely: (nyereseg)		0.284395 darab bitcoin 
46. szemely: (nyereseg)		1.01053 darab bitcoin 
47. szemely: (veszteseg)	-0.374705 darab bitcoin
48. szemely: (veszteseg)	-0.298626 darab bitcoin
49. szemely: (nyereseg)		0.376504 darab bitcoin 
50. szemely: (veszteseg)	-0.196575 darab bitcoin
51. szemely: (veszteseg)	-0.183743 darab bitcoin
52. szemely: (nyereseg)		0.170942 darab bitcoin 
53. szemely: (nyereseg)		0.0199326 darab bitcoin 
54. szemely: (nyereseg)		1.39817 darab bitcoin 
55. szemely: (veszteseg)	-0.0813138 darab bitcoin
56. szemely: (nyereseg)		0.314016 darab bitcoin 
57. szemely: (nyereseg)		0.716912 darab bitcoin 
58. szemely: (veszteseg)	-1.25898 darab bitcoin
59. szemely: (veszteseg)	-0.873313 darab bitcoin
60. szemely: (veszteseg)	-1.60103 darab bitcoin
61. szemely: (veszteseg)	-0.486186 darab bitcoin
62. szemely: (nyereseg)		0.0187271 darab bitcoin 
63. szemely: (nyereseg)		0.232391 darab bitcoin 
64. szemely: (nyereseg)		0.370733 darab bitcoin 
65. szemely: (nyereseg)		0.202583 darab bitcoin 
66. szemely: (veszteseg)	-0.182239 darab bitcoin
67. szemely: (veszteseg)	-0.752796 darab bitcoin
68. szemely: (veszteseg)	-1.14387 darab bitcoin
69. szemely: (veszteseg)	-0.351118 darab bitcoin
70. szemely: (nyereseg)		1.48805 darab bitcoin 
71. szemely: (nyereseg)		0.00570567 darab bitcoin 
72. szemely: (nyereseg)		0.106744 darab bitcoin 
73. szemely: (nyereseg)		1.23811 darab bitcoin 
74. szemely: (veszteseg)	-0.359978 darab bitcoin
75. szemely: (veszteseg)	-0.339747 darab bitcoin
76. szemely: (veszteseg)	-0.420429 darab bitcoin
77. szemely: (veszteseg)	-0.637471 darab bitcoin
78. szemely: (veszteseg)	-0.697081 darab bitcoin
79. szemely: (nyereseg)		0.702888 darab bitcoin 
80. szemely: (nyereseg)		0.959606 darab bitcoin 
81. szemely: (nyereseg)		0.293562 darab bitcoin 
82. szemely: (nyereseg)		0.148128 darab bitcoin 
83. szemely: (veszteseg)	-0.44878 darab bitcoin
84. szemely: (veszteseg)	-0.520707 darab bitcoin
85. szemely: (nyereseg)		0.885867 darab bitcoin 
86. szemely: (veszteseg)	-0.0566262 darab bitcoin
87. szemely: (nyereseg)		0.199644 darab bitcoin 
88. szemely: (nyereseg)		0.330974 darab bitcoin 
89. szemely: (nyereseg)		0.389246 darab bitcoin 
90. szemely: (nyereseg)		0.426187 darab bitcoin 
91. szemely: (veszteseg)	-0.144996 darab bitcoin
92. szemely: (nyereseg)		0.329016 darab bitcoin 
93. szemely: (veszteseg)	-0.572002 darab bitcoin
94. szemely: (veszteseg)	-0.105577 darab bitcoin
95. szemely: (nyereseg)		0.853181 darab bitcoin 
96. szemely: (nyereseg)		0.0745955 darab bitcoin 
97. szemely: (nyereseg)		0.362679 darab bitcoin 
98. szemely: (nyereseg)		0.515664 darab bitcoin 
99. szemely: (nyereseg)		0.0315315 darab bitcoin 
100. szemely: (nyereseg)		0.593022 darab bitcoin 
