

A beolvasott adatok a kovetkezok: 

Az x darab bitcoin amit a(z) 1. szemely altal adott arany-bevetel szerint lehet felirni: -902560
A(z) 1. szemely arany-bevetelei: 900557 -904861 -902425 912154 -904651 -903348 901405 -904522 905384 -902590 -900757 902294 900062 901974 904779 -902454 902889 -900343 -901098 904115 -903225 -901396 900410 914641 909033 -901112 905076 902427 901771 902472 902104 902938 -900959 -914373 901745 -901983 -902088 -900095 -901352 904766 908771 912928 -920964 -932614 -904391 900176 -900922 903076 -907942 -903012 903554 -902561 931712 -901238 902260 902015 -919608 901045 -901011 904626 -902014 905582 -900355 -903151 902231 -901099 -900690 904786 907573 906149 -901969 914450 909321 -901049 902393 923252 -902047 -907531 -903500 902060 -900303 900080 902642 -903102 929576 -902487 -901305 -901747 -902839 -901708 -903787 905950 -901726 -900094 902450 -900946 903138 -901841 -900340 906496 

Az x darab bitcoin amit a(z) 2. szemely altal adott arany-bevetel szerint lehet felirni: 903700
A(z) 2. szemely arany-bevetelei: 913369 902086 -904572 903946 901808 -910092 901030 903380 915333 903750 904392 -901293 900745 -900886 -901972 -901640 -915552 906725 -900598 901437 903192 -907570 -902702 -905992 -904037 -906687 901545 -903154 -901461 -909881 906375 907404 -928351 902497 920297 901237 900983 900557 901648 -903360 904442 903788 -913060 -906454 -901990 -916086 -901355 902292 -908165 913593 -900072 901359 -902211 932726 929792 -903096 901979 -910362 -900712 -900589 -927345 -915883 902890 -902041 -903662 905988 -904221 -903182 -900401 -906857 905551 903635 902580 902835 902677 -902649 900928 904738 902647 902459 -903216 -907423 901645 903397 904657 900004 910762 -909636 900568 -905262 900949 -901090 -916845 -904978 -902890 -904047 919668 -903093 -902521 -900428 

Az x darab bitcoin amit a(z) 3. szemely altal adott arany-bevetel szerint lehet felirni: 901911
A(z) 3. szemely arany-bevetelei: -903797 -904362 -900648 916005 -907026 921366 910730 -901468 913074 -905307 -906974 -901649 901420 -907946 905650 -910319 -904979 905312 -900762 -901956 -904990 -901485 -901134 903501 903171 -901310 909355 -917747 -900370 900828 903925 -901073 -916107 -902498 901445 -903234 -929617 -901916 -902145 901423 -902501 -901949 -900169 914011 910720 -906898 902145 903980 -907516 900799 -903379 -900798 907859 902982 -900867 903953 -903410 -902344 902177 909994 -913991 -901313 900733 -903946 904990 903136 910027 904636 -902091 901231 926423 904760 -901351 -929286 -903521 900542 -900777 904344 -902302 -903371 905566 -902480 901732 -900270 929956 -902226 900310 -904238 -908151 -902202 903526 903869 -900562 -905296 901725 904552 -903094 -917834 906126 -900675 

Az x darab bitcoin amit a(z) 4. szemely altal adott arany-bevetel szerint lehet felirni: 910149
A(z) 4. szemely arany-bevetelei: 904545 -900768 -900789 905036 902986 -905414 -909200 902248 -902116 -905292 904124 904649 -900736 -901062 -904974 901148 -901049 905860 -902855 905598 901133 901503 900798 902925 -901755 -901992 -907106 903494 -914184 901448 -907711 902280 903389 903967 -900072 900466 -902013 -901860 -907618 902775 -900100 -908004 -901520 907257 -905022 902914 -902605 -903709 -902784 900645 909135 -904954 -900092 -902514 902726 -903604 905144 -900333 909248 -902615 902165 900903 901318 900848 -910538 -902296 902674 907848 900019 904049 904947 -901731 -905853 -900821 -904277 -904672 -904590 -901080 -920630 -904205 917808 903224 900335 -908005 -904411 -905874 902338 903360 901126 925308 929622 -903025 901981 901201 901594 -902288 908698 901325 902759 -903061 

Az x darab bitcoin amit a(z) 5. szemely altal adott arany-bevetel szerint lehet felirni: -908628
A(z) 5. szemely arany-bevetelei: 930726 900947 -901831 901733 -901424 909348 918494 901647 -903725 -904090 -907201 903099 902645 -902574 902839 -900787 901616 911028 900904 906806 903208 -904635 -906189 907509 -908470 -900530 -906922 923622 -902918 903409 900775 904212 -910558 -902126 -907640 -916258 902860 901303 -918543 -904080 903291 -906064 -903907 903314 -903029 901550 -901250 -907982 -900140 903610 905123 907149 902438 -906474 -902640 900095 -902441 902860 -903067 900256 903413 -904560 -902086 -900361 903263 -903402 901934 -900271 921674 -903910 901981 905145 902538 -902885 902440 -923835 -902133 906514 906614 900608 900284 -900086 -914972 -901770 902841 900398 903979 -902702 905011 -905134 -922489 -910913 -902347 -902720 901695 903708 -903296 922637 -931327 -902493 

Az x darab bitcoin amit a(z) 6. szemely altal adott arany-bevetel szerint lehet felirni: 900211
A(z) 6. szemely arany-bevetelei: -903365 901628 -900517 900077 907947 -902674 900965 -908336 -902048 902176 901524 -900019 932183 -903194 -902805 905074 921426 -913015 900477 -907104 -904811 920285 -902693 905127 -904116 906687 904234 -903430 -904790 -904444 901253 901142 907250 902784 -902356 901601 906116 900129 901568 -910215 902479 -904114 902684 -902735 -901736 903567 -900277 -902655 -902311 900478 901093 -903254 901576 -910105 -904220 905632 -902439 901904 906768 910551 904470 902518 908998 -903842 901809 -900727 900357 -900359 -903000 900796 -902037 -901083 -900480 912060 904072 -910967 -904456 -903414 902362 -900284 -903851 904039 901739 903174 -901748 900794 900404 902195 -903931 -903639 -900287 904195 901904 907719 918463 903334 914998 900051 -902368 -900552 

Az x darab bitcoin amit a(z) 7. szemely altal adott arany-bevetel szerint lehet felirni: 904837
A(z) 7. szemely arany-bevetelei: 903319 904227 907439 901827 902477 -902803 901161 903003 -908565 900355 -901578 -907362 -902647 -900964 924217 900270 903376 -902741 900395 -903432 -902021 -902969 902657 901540 906292 -903726 900920 900128 -900715 -907824 903552 901086 905105 -905916 916008 -901554 -902529 901200 902842 900285 904068 900244 900120 -905324 913769 900380 902594 -904944 -900873 -900921 903294 -903898 905354 -901127 900262 907228 -903778 900516 900252 -905370 901155 -906350 -904414 902882 901486 904283 -902557 900857 904587 -900597 -932007 -901966 -900873 902273 -901265 -903227 901592 -915840 900656 -901548 902840 907956 -902626 -904606 902717 -902666 -901659 902549 -900069 901650 903765 -902004 902254 906748 904642 -904003 926940 904422 901670 907192 

Az x darab bitcoin amit a(z) 8. szemely altal adott arany-bevetel szerint lehet felirni: 903439
A(z) 8. szemely arany-bevetelei: -905410 -904836 902172 -902638 -902184 902367 -902344 -902371 -900095 900131 -902906 903640 -902324 -901907 900066 -901807 -902184 -902779 -900289 -902578 901909 903035 -901274 911954 -905731 903814 -903779 -902832 -901174 -904550 -903082 903395 901899 932193 -932597 916008 -902388 -904928 -913485 932295 -902122 910634 -902185 907527 916867 900924 903942 -900416 919493 902231 -901188 901912 -901974 904320 914308 932622 -902342 -900485 912744 -901319 -906588 903745 903224 907978 -931544 -902393 -900307 -908724 -906824 901408 -901918 903579 902080 -906347 902755 900602 904074 -905274 909297 901852 -902515 -900449 -903767 905596 904731 903325 902601 912442 -901419 -900457 -907063 901288 904205 901375 904395 901891 909899 900974 902992 -908280 

Az x darab bitcoin amit a(z) 9. szemely altal adott arany-bevetel szerint lehet felirni: -900519
A(z) 9. szemely arany-bevetelei: -915377 -900336 -900463 -903902 901296 902811 931059 -901435 901871 -909432 915666 905720 903728 -903567 903836 902034 902474 903583 -901241 -904120 -902896 900090 -911426 -900412 -903875 -904182 -900961 903162 -901560 -905673 900370 -906607 900098 -900990 -903433 -900837 -902046 -903401 902902 902806 -903434 -901631 -902681 907462 -902466 902689 903050 -912434 900328 907228 -902281 903649 -903461 903103 -900552 901979 903107 -900450 901662 903326 905772 902766 907914 -921613 -900226 901592 900899 -910975 907585 -900767 907418 902148 -900690 903700 903357 -904517 -903275 902700 -900810 904019 901921 900058 916295 -920097 -901389 901630 901246 904548 -905088 907672 -900428 -902204 904442 -904304 902094 900411 -903640 908762 -902362 901090 

Az x darab bitcoin amit a(z) 10. szemely altal adott arany-bevetel szerint lehet felirni: -902205
A(z) 10. szemely arany-bevetelei: 902829 908890 902276 902186 -902094 918550 903320 901223 -900318 908018 901269 900594 -901773 902417 -902006 -905014 -929260 902326 -902850 903655 902817 -900221 901440 -903045 901437 -902502 -907273 -901608 900387 908218 -902107 -900178 902432 -903279 -910891 -904248 -902877 901730 -903304 901710 -902253 -904957 907699 902434 -900780 901650 -901198 900250 905847 900134 905074 902636 901880 -900936 904187 -908972 -902238 903440 913784 -900834 -902231 -900092 904589 -900116 -922271 900545 -916553 904044 902990 903861 -903230 907118 -907574 -906598 -901034 -900205 904219 -901516 908061 -902329 -904907 903546 902742 -902118 -931212 -901824 906235 916328 -903865 900834 903951 -919652 -904266 -901789 900088 915108 -901363 901345 -904540 -901413 

Az x darab bitcoin amit a(z) 11. szemely altal adott arany-bevetel szerint lehet felirni: -901959
A(z) 11. szemely arany-bevetelei: 903536 -906218 904498 -906843 -909960 -900189 931333 902537 900029 -918651 902238 -900805 903187 904100 900055 -902015 900223 911500 902560 908953 -901990 -906044 900148 901362 -901150 921881 -907694 -904678 -904221 -902420 -900684 902886 -908193 904165 -902927 904834 -906467 -902586 -905282 -902930 -900856 905898 -901081 902660 901636 -901341 -905339 -925025 -906540 -903200 927517 -901344 -902037 901285 917533 -908945 -900419 -904365 -904046 -904428 914904 902021 920539 -903402 902560 -903151 -905395 -902177 -904848 -900904 907660 901705 902006 903145 -900799 -904610 -931163 -902372 901874 -904931 914180 900912 -904422 902896 -902996 900834 -928013 -903508 -901704 910186 -901876 902625 -904387 904334 902641 901372 902388 903962 907071 903032 

Az x darab bitcoin amit a(z) 12. szemely altal adott arany-bevetel szerint lehet felirni: 913782
A(z) 12. szemely arany-bevetelei: 915917 902417 -906998 901884 -900060 902251 904837 -902664 -900454 901392 -902314 902050 906043 903322 900194 902683 -903120 901751 900557 907401 910064 902483 -914755 902984 903086 901752 -904477 -905878 900000 -909532 -911531 -902518 901278 -903881 -919372 903900 901077 904865 902363 -910493 -903646 -901826 -905029 921622 900520 -900550 -906547 902075 901650 -900637 -902690 -900979 906212 -902769 900293 -901793 -901161 901443 901464 901514 903794 901943 907556 -902866 906092 -902832 906185 900445 -900176 900364 902663 905283 903579 -905705 -900094 912388 -900549 901865 900295 904641 -900533 906891 900266 -908140 931967 904639 -901480 -900518 -900638 900171 -900311 903284 -912115 901826 -902473 -908830 -903639 902561 -906723 -920522 

Az x darab bitcoin amit a(z) 13. szemely altal adott arany-bevetel szerint lehet felirni: 901448
A(z) 13. szemely arany-bevetelei: 900496 900631 -903151 907129 -906359 903652 900508 900029 919093 -903020 -900945 -900336 904617 -903544 -903502 -914886 -909703 -904719 901369 -901048 -901493 900685 -901175 -901694 -905468 903391 -903342 903262 -905766 901805 930129 -902894 901767 -906424 905586 909357 -901321 923124 -902600 -902471 -903916 -915860 -901464 905648 -900660 901622 -901434 901890 -901831 -901229 928039 -913497 906234 902307 -910182 905231 -910693 -901000 -901726 904696 -900066 -904670 -912364 -902634 -901845 -905625 -902078 -902923 -928242 903424 901822 -900761 -902752 900229 -901303 -910174 902497 -900324 -904480 907068 919579 -902106 904052 901696 -932546 -901657 -902773 904262 -902072 -906739 -921086 -901855 902768 902174 -902085 902157 -905481 -906878 902328 900799 

Az x darab bitcoin amit a(z) 14. szemely altal adott arany-bevetel szerint lehet felirni: 900590
A(z) 14. szemely arany-bevetelei: -914178 924147 -902532 -901994 -905170 901327 -900821 -900639 900034 901548 929281 923637 901074 -901216 901788 904391 902391 900594 -903047 -906611 901201 -905060 913142 900082 902584 -900948 900335 900672 -900616 -902906 914036 906112 -902257 900588 901583 -907778 901174 928023 -902500 905168 904708 -903145 -912084 900050 903080 -906224 910624 904222 903033 903828 900966 -905186 903039 -904776 903380 -901098 -906339 -902665 -910610 -910810 900093 900207 -900651 903555 902674 903089 -901258 912474 902992 900760 902481 902760 -901160 -904080 916018 901830 -903278 -907647 -900529 -901993 -902766 902137 -913878 900158 -907969 901483 901771 908904 907134 -901099 901645 -903092 -905415 -902984 902822 -903696 915636 903078 -926790 907991 

Az x darab bitcoin amit a(z) 15. szemely altal adott arany-bevetel szerint lehet felirni: -904390
A(z) 15. szemely arany-bevetelei: 910595 901101 -925796 900196 901495 902423 900074 -903173 903905 903247 -902751 -900237 -902467 -901332 924960 -919664 -900334 -901984 902908 900612 913106 902342 905597 -901174 903781 906543 904709 -906517 -901483 -905263 -903528 -902286 -905837 900868 904031 917159 903202 -932660 -904761 903032 902032 912656 900169 -904585 905932 912560 -911551 927250 -904544 908972 900424 -900720 -900296 902107 900625 -901166 -901372 903327 -902851 900421 901823 901341 901022 905800 917576 906334 -906256 -903730 -902968 901926 900001 901721 -928144 -902165 -917105 -906584 -905926 903659 902890 904091 900030 900912 -900862 -908972 -905025 -900785 902430 -901447 -905671 -902856 -901964 900821 -910084 -901685 -913140 -903889 -904389 -929016 915752 -921617 

Az x darab bitcoin amit a(z) 16. szemely altal adott arany-bevetel szerint lehet felirni: 901734
A(z) 16. szemely arany-bevetelei: -903160 -909716 901676 908405 903008 902598 903226 902281 903668 -901749 901413 901868 905418 902852 901774 -903365 -907083 902604 902325 -924226 903422 -920021 -902734 -914527 901756 906726 -902518 -907276 -902796 915124 904208 902016 900937 913584 904623 904589 900968 -919534 907821 900324 -908512 -901285 928688 902258 -900625 904875 901070 -901515 910005 905980 -901516 909373 900483 -901460 911252 -900251 902181 911136 914768 901418 -900946 -901359 900520 908511 902154 -902737 -906440 901233 901922 900890 902305 905896 -900907 900189 -900632 -903811 -903771 902206 902787 -904074 -903478 902656 900235 909287 902732 -902532 -900638 -902310 904584 -903066 900238 -905633 902249 -910932 901645 -903391 912858 905833 905581 -905538 

Az x darab bitcoin amit a(z) 17. szemely altal adott arany-bevetel szerint lehet felirni: -901058
A(z) 17. szemely arany-bevetelei: -901978 924386 -901347 901629 901124 901694 -901335 -900220 -907636 -901237 915131 901571 -903064 908072 -906416 -907799 901996 901103 -904464 -901719 -902410 -903527 -922217 900793 -904656 904031 -900984 901967 901585 -900417 -902925 906514 -902735 918397 -900977 -902653 923883 -901446 -904490 920169 -901895 -900326 -902834 902197 924597 -904374 905264 -903863 905160 -905460 908168 907376 -903562 -902055 906426 901576 -903097 -901851 -900449 -900648 900700 902582 902456 913643 -900262 910053 -902993 928915 900504 903700 900345 -928240 901752 -901567 900744 900273 903674 -903215 901651 -906483 -901628 902698 -901093 905348 900153 900622 -901213 906206 -900964 -909748 900425 -903207 900179 -901346 -901169 901264 901307 -902843 901553 902300 

Az x darab bitcoin amit a(z) 18. szemely altal adott arany-bevetel szerint lehet felirni: -903276
A(z) 18. szemely arany-bevetelei: -902556 904077 -904024 -900600 -905052 900253 -907335 902153 -902887 902865 900589 924709 904083 -902111 903127 905046 902957 -902034 -913123 928866 -901705 -902613 -903579 923980 929752 -904862 -901696 904355 -903423 905562 906597 -900624 901686 901290 -902674 900653 -900491 914311 902652 -901839 -901485 904111 -902097 -902389 -930673 -905228 901172 -901875 -902159 902810 -910083 904102 -901523 906532 -900344 -903469 902301 904409 -905512 -901395 -900985 917363 -900620 900852 901472 -906978 905393 -903444 -902031 907909 902282 901114 901350 902173 -923712 902309 903831 -904283 -901818 -905373 -902843 -901203 -902439 904368 -902640 -900741 901750 -925370 -903334 -909434 -902481 901739 -903368 925039 901142 -904555 -900876 -903101 -900950 -900072 

Az x darab bitcoin amit a(z) 19. szemely altal adott arany-bevetel szerint lehet felirni: 902227
A(z) 19. szemely arany-bevetelei: -900266 -927346 902244 900096 902753 -901238 910637 901877 -910590 900178 902848 -902709 -906468 901024 908015 904256 -902674 -902091 904636 -900441 -901177 -915581 -903335 901732 901601 907048 902757 -901767 -901020 -900386 901723 -905380 900554 902838 900253 901676 903674 912617 902248 -900529 901986 914555 906478 -915013 903913 -905287 901838 924166 -903373 -904216 -906250 -900716 900606 -904203 903566 903508 -903960 900080 -904292 901815 902506 903301 -922350 902495 -902525 -900891 901122 900502 903295 901174 902672 -904287 -901181 -900283 -907682 -901388 -900534 -905143 -901475 922158 -901893 -902139 902608 -900784 -902979 902746 909474 -903133 -902958 900514 911861 900622 906105 -905337 908402 905864 -903595 900726 910766 900078 

Az x darab bitcoin amit a(z) 20. szemely altal adott arany-bevetel szerint lehet felirni: 911492
A(z) 20. szemely arany-bevetelei: 900039 903152 900455 902031 -905588 -901562 -900979 -900811 903935 -900489 -905104 905919 -903666 900024 -910360 -905159 -905928 -903343 903469 903115 -905167 912698 -906545 -905295 -909702 -901243 910812 -904925 900098 -902858 914952 901959 901940 903474 901832 908136 901978 903012 -901656 902193 -903606 904622 -901136 -903715 907334 -901380 -901803 904903 900135 901177 900117 913519 908184 903801 -901160 901885 -900578 -903194 -902529 -900447 900246 -905842 901786 900790 900402 900136 916351 905908 902290 905127 -900338 906551 902036 -916372 -901389 900128 902373 -901877 902120 -904616 -900516 -901802 -902851 901502 913629 900516 919241 900751 903982 902921 -900368 -900407 -900332 905736 -902346 -901403 -900048 -909992 -900594 905486 

Az x darab bitcoin amit a(z) 21. szemely altal adott arany-bevetel szerint lehet felirni: -904076
A(z) 21. szemely arany-bevetelei: 907818 -900370 902130 900023 -925515 904240 902418 903253 -930492 900438 -900485 -909939 901792 900440 -902650 901737 907322 911652 903433 915454 903946 904800 900582 907908 -915166 -900440 900438 901870 903347 -902536 -906957 903497 -905541 903008 -900277 -900716 907572 -904766 901945 903171 -902941 -900777 900047 905351 922756 -903598 -901223 -902938 -908930 903207 -901448 904040 901796 -900736 -911628 -902709 900320 -902040 905794 -923843 -902383 -902458 915081 -902554 -900554 902109 -910314 900777 904088 -900608 901459 -903829 -900707 901306 910612 -904886 -908672 900132 902968 901522 -923032 900512 -902239 902106 900222 -901492 -915542 -902613 902169 -909446 -903537 904213 901323 -901360 -904062 904511 902363 -903035 -900053 900415 

Az x darab bitcoin amit a(z) 22. szemely altal adott arany-bevetel szerint lehet felirni: 911504
A(z) 22. szemely arany-bevetelei: 902737 -923638 902735 903576 -903536 901615 -904828 -902299 -902675 903240 -902145 901624 -900366 901965 -906777 905242 902530 902319 -931535 -903616 904835 -910884 900592 912404 -905121 -905040 912923 -902776 -902533 905373 -901924 -910575 -901979 910309 -901057 929757 903219 -902217 -900921 -900341 906505 921939 -900661 -900978 903637 -905074 -904937 -904493 -903822 925792 903271 -909275 909375 -904574 -900270 -901659 -903301 -900691 900660 902619 907887 -903839 900045 -902112 905590 -903184 -901683 -901844 -906069 901001 903318 902485 -900127 903421 907962 912110 -904585 -901335 -915744 -902808 903154 -902452 900489 -900379 -902717 905381 900982 -901762 -902299 -908903 -902957 -906191 907568 904850 -905350 900184 -911096 -901590 906853 900905 

Az x darab bitcoin amit a(z) 23. szemely altal adott arany-bevetel szerint lehet felirni: -900815
A(z) 23. szemely arany-bevetelei: -902814 -901543 -905234 901790 900624 -910423 -901353 903579 907247 901516 -904679 -903640 -918299 -903707 -905087 903490 -901394 -902713 -903553 912473 -902455 906021 902858 -900332 -910176 -903161 907478 903361 902853 -905031 -903027 900123 900461 -903365 903685 -906831 -900792 900560 -902170 900986 -900033 -901837 901353 905245 919388 -900241 901130 -900374 903085 913268 -903718 902300 904190 -907421 904737 -907774 905177 913890 -904470 -901603 -900471 900734 -901954 902209 -901212 900247 -900262 -903534 909910 904106 -900502 -903911 -903124 -903646 -913246 -903942 902572 902474 900075 -902875 -900541 -918575 -900029 900301 -902109 -903582 900303 -909504 -901842 -906834 -901558 908280 -903703 920457 902498 900226 -906612 -902658 904399 900631 

Az x darab bitcoin amit a(z) 24. szemely altal adott arany-bevetel szerint lehet felirni: -912443
A(z) 24. szemely arany-bevetelei: 902515 -908010 903237 900598 906183 913507 910281 -909321 -903510 -902662 904521 902495 900463 904182 -902583 -901204 901515 901184 -902064 909924 -900923 -907496 -906669 900291 902904 900855 -906648 906095 -914251 -900805 -903557 916168 905076 -903023 -906821 900368 -900802 904113 -902019 -928200 905637 902330 -903027 -931774 904658 -921179 -902881 -901196 908136 900614 904336 914838 -906301 902340 900979 -902249 -900840 907030 -922602 900110 -920883 -901594 -903838 903430 -923549 -904907 -901259 921833 -903908 900922 -909500 -905312 902151 -903122 904618 902268 901892 902083 902743 -905761 902170 907662 -904329 902395 901907 901120 -901700 908368 903164 905657 911036 -909465 901330 901538 -908289 -907732 -901554 -907481 902389 902075 

Az x darab bitcoin amit a(z) 25. szemely altal adott arany-bevetel szerint lehet felirni: -901518
A(z) 25. szemely arany-bevetelei: 901771 901614 904075 903944 906985 -901007 -919933 -900736 -903988 901837 -913630 -902540 -905318 906373 -901322 906847 -904089 -902479 902618 -903388 -900310 906607 903182 -901380 904919 908058 -902674 -902083 900620 902454 903118 903167 903135 -905679 -901940 -902999 -905940 905434 913718 -902130 900409 -905759 901237 -901043 900080 -902202 -904207 920334 -902077 901296 902349 -902221 -904529 -905619 -903302 -900504 -903945 903179 903403 -909904 -900502 -903784 902626 -903681 -903406 -902708 903182 914048 -920349 -903070 -900655 -902148 -901539 909779 -905655 901627 -900196 -906810 901949 902252 -902556 901399 921882 902966 901439 -909397 900092 -901254 902566 904144 -919812 902928 901449 905333 -900433 -902901 -901278 905014 908736 900897 

Az x darab bitcoin amit a(z) 26. szemely altal adott arany-bevetel szerint lehet felirni: -901933
A(z) 26. szemely arany-bevetelei: -903968 -900816 902676 -900868 -901183 901021 -905464 900179 -903202 -911923 -903909 -900211 -900377 -903104 905037 -910208 901700 -902478 903603 903461 -902445 -903292 -901826 -903558 -911396 -903925 -904071 903545 900102 -911320 909515 -900425 902897 -903966 -902227 -901606 -905521 903406 902054 -907471 -900253 -903193 -900411 -902639 -903243 901740 916665 905248 -905310 -902889 902323 901977 -914635 904748 906308 -906016 -902970 -901189 900318 -901652 -900692 -902905 -903937 -902827 -905384 908247 -901615 -901107 901763 902450 906784 -900404 900710 -900952 -928411 910902 -900194 -903997 -900986 -900570 906364 -906575 903661 -900635 -900500 900349 -900963 902667 -905359 905189 904418 -915622 -906656 900939 -902140 900631 902891 912262 901101 -905256 

Az x darab bitcoin amit a(z) 27. szemely altal adott arany-bevetel szerint lehet felirni: -902476
A(z) 27. szemely arany-bevetelei: 901003 901907 902707 903946 -902982 901540 -901890 900768 -902792 900291 -902315 -904458 903232 -901892 901567 -902973 -918155 -901571 900977 -900815 -903601 900183 -902182 -901449 -910570 -910010 903300 900260 -907361 -903003 915210 906255 902870 -901736 916031 -901580 -903665 906610 901880 909708 -910061 904466 926132 900532 908436 910548 905129 -907510 900471 903820 904763 -906868 900365 -902792 901989 -908542 902756 -903891 -907306 -912476 906643 900950 900246 -901257 -903729 902105 904024 -900032 -912848 906152 -905845 900106 -902141 -903262 932442 -904261 -900758 901555 908052 -923995 -902167 -900638 909982 -901941 -909840 906549 -904633 -902249 -903082 -904420 903709 -900399 907534 907796 -931151 -901024 907136 901220 900352 901172 

Az x darab bitcoin amit a(z) 28. szemely altal adott arany-bevetel szerint lehet felirni: 913068
A(z) 28. szemely arany-bevetelei: 904194 -902734 900838 -903695 -908862 900189 919175 905817 -900989 -904247 904207 901287 -903342 900969 -903594 902293 904115 -903985 -901985 -901524 903709 -900857 901214 -901785 -909757 916140 901708 900878 903662 -902792 900668 -916958 -900102 900933 915800 901904 -903607 -911655 -901073 900002 -903339 -905620 902027 902320 -905575 -903651 -906163 -904248 915305 -913111 -904173 -900808 -909512 900981 -904771 900155 905377 900534 -906494 900960 904697 -900749 -900025 -904728 -901580 903142 902619 -900334 -900890 -902336 -901918 -921087 -931870 903469 901672 900235 917324 901811 -906623 901091 -902190 917555 -904592 -906078 901029 900761 903076 902327 901556 903962 902442 913718 -900232 900507 903958 -907821 -902621 -904992 900539 -903556 

Az x darab bitcoin amit a(z) 29. szemely altal adott arany-bevetel szerint lehet felirni: -900078
A(z) 29. szemely arany-bevetelei: 900691 904371 926846 -903822 -902859 -902650 900008 -918365 909955 902910 -903074 907814 902272 -909644 903021 901839 -900228 900140 903553 -900548 909074 901957 901405 -909729 -902177 -905076 -900193 900854 904422 901509 900989 -910294 903318 -902764 904770 906537 900749 -901610 902097 -902453 900338 905405 902153 902831 -900036 -913622 904692 -912728 -912032 902134 904341 905465 902118 -902920 -900993 -900297 911084 902382 907006 -902369 903930 902047 -901889 -900204 -928609 903561 -901019 -902217 -902882 900448 -900005 -902804 -904587 -902376 -901776 -907799 -911652 -900441 900443 901594 -901019 904255 903160 -904559 900420 -900945 902991 -901249 921284 -900687 -903607 -909844 901539 -908860 -901463 -907574 -900563 902584 900596 -907616 

Az x darab bitcoin amit a(z) 30. szemely altal adott arany-bevetel szerint lehet felirni: -930052
A(z) 30. szemely arany-bevetelei: 904886 -908433 -900669 905553 -903060 -900008 901461 -900579 900352 -906200 -904562 900383 923195 -902306 -900320 901209 907577 901964 -901566 -915518 903453 -911295 903796 -903326 -903886 902259 -902030 901043 -900480 903398 -909517 905052 -901488 900157 902435 900143 901231 -902582 909318 -906052 924876 -902110 -905471 902184 901884 908818 900177 900790 903740 -902841 -902880 -901706 -931136 903192 -903178 904254 912438 -901710 901585 -907995 -914360 -900904 900422 -901165 -919840 903037 907387 906915 906396 903131 900441 -900927 -903682 -900698 -903834 -905990 901753 902955 -902536 901140 908961 -904456 907493 -900064 904878 910297 909269 904875 903781 902968 909932 -906644 -902268 901308 905728 903161 905990 905623 -905763 902426 

Az x darab bitcoin amit a(z) 31. szemely altal adott arany-bevetel szerint lehet felirni: -909138
A(z) 31. szemely arany-bevetelei: 908496 -905240 901409 -901159 904310 -913997 903669 -906799 -901379 -902452 907549 900964 905313 901965 -901787 902972 904532 900073 908518 -900184 900361 -902096 -903965 -910851 -916526 900715 -902538 -906104 -914304 -900307 902359 900691 -902795 -900378 -905499 902010 -900511 906359 -904562 913164 903044 -903406 916151 -901644 901584 904888 -901681 904068 -902801 -900705 -901538 -903724 900024 900796 -901532 902271 -906461 901504 -915743 903136 -925908 904232 902375 -901053 900932 -901087 900294 903310 900209 906053 902558 -901717 -902344 901917 -906372 -901813 -900408 -902615 905045 904410 904688 904055 -900172 900643 904885 931004 -900851 -901344 -903368 -910169 915428 -900184 907881 -904131 -900660 -906702 921199 -904510 -900975 -903186 

Az x darab bitcoin amit a(z) 32. szemely altal adott arany-bevetel szerint lehet felirni: -914352
A(z) 32. szemely arany-bevetelei: 902138 -902434 -902903 -928872 -912514 900480 -903094 903018 -907297 -905612 -904449 -904108 910675 901742 -902143 905324 901808 901182 904729 -907161 -905612 915357 901641 902161 -901601 914665 -904071 -903298 907042 -903983 900749 -900881 901545 -901781 900112 -901188 -903098 900449 -904046 904513 908171 900588 -903014 -901900 -902205 -904201 -915375 -901031 -906172 -903386 -905810 903050 -900721 900302 -901974 918393 -901198 -902366 -900896 902478 910980 901693 -900173 -914045 -905221 -902650 906291 -903511 903304 -921891 -913367 908381 -906540 -900837 902755 -901554 929399 -919548 902104 -900454 -902612 -905883 904637 901608 900202 -900419 900330 902465 -903611 912284 -905671 901721 901026 901678 -902192 -903139 900518 905134 -901005 900562 

Az x darab bitcoin amit a(z) 33. szemely altal adott arany-bevetel szerint lehet felirni: -903738
A(z) 33. szemely arany-bevetelei: -906779 902185 900103 -903378 902458 901195 -901029 -900371 -903593 -905866 902436 902046 -908021 -907771 901969 900140 -902008 -902175 903952 904941 -901378 -907279 -915454 -901372 -900094 903125 906531 901202 -901754 -901566 902106 -903362 -902361 903571 902270 904059 -901578 -903962 900609 -902142 -903907 903979 901723 907499 900744 902409 -903908 905382 924343 902887 -906096 -904781 -900163 -902561 921733 900464 911032 -909544 -902626 931785 -900602 -909608 900659 -906474 903916 901717 -901776 900675 -900514 900222 901559 900863 -912326 -915444 902091 901676 -902285 -903201 901571 900630 901240 903545 900049 -904788 902923 902666 901013 905187 926616 -904304 902017 -910126 -920253 -905975 -904053 900670 -902885 908699 900957 906266 

Az x darab bitcoin amit a(z) 34. szemely altal adott arany-bevetel szerint lehet felirni: 901812
A(z) 34. szemely arany-bevetelei: -902049 -901414 -903025 -903745 901888 -903304 902539 -902340 -902899 -904917 -900074 -902118 -902114 -901755 -904454 902322 902191 -901286 -903320 -907108 906896 903871 902204 903362 902738 -904566 -914782 910210 -905694 931071 901702 -902109 -902120 903788 -900772 -903376 904234 -904586 904240 -905992 903318 902548 -902989 902736 -901350 901834 -903262 900734 -900057 903384 901589 -900696 -910680 913520 -901499 -917535 -903992 -904034 -908239 -902530 -901186 900981 -903876 -903818 -904698 -901441 -902758 -909176 -928442 902062 904398 -905055 901360 -900230 -905658 903256 903279 909863 901565 -904515 -905184 900243 901143 901289 900635 915514 -903039 900297 903955 904324 905110 903690 920478 900836 905561 -900865 -915478 900425 902537 -902227 

Az x darab bitcoin amit a(z) 35. szemely altal adott arany-bevetel szerint lehet felirni: -903961
A(z) 35. szemely arany-bevetelei: 900789 904274 -907372 -904865 900794 903669 -901340 910009 -910082 905799 -910746 902992 -906006 901585 -900041 906794 -902603 -909908 -908999 -906438 902337 -908714 -907071 906053 901822 900379 923415 -906839 -901234 900245 903498 -929242 -905083 -903657 -901909 -904279 -900885 -923354 -907287 -906722 -910045 902348 901203 901485 -904229 901307 -907117 -900032 -910279 904585 -901496 902650 901463 -920029 902421 -900408 -900850 902975 -925965 -901805 -901001 900211 -902886 -902280 -904291 -900452 911314 904061 -901160 -905367 904227 -906416 904562 900441 -901514 -901543 -900624 911924 919903 902610 -903943 -900884 909706 -902034 -901490 -904222 -910119 912672 904092 902808 -907222 -904951 -905096 900144 902430 903600 900827 -903647 904627 902154 

Az x darab bitcoin amit a(z) 36. szemely altal adott arany-bevetel szerint lehet felirni: 903594
A(z) 36. szemely arany-bevetelei: 910347 -900995 -907648 -902761 -904080 902426 -903350 906410 908814 905295 902674 900468 -905260 900053 -911908 -900420 900693 919425 -903592 -902128 -904257 -905900 905656 -904173 -915121 -903948 901190 900072 902002 -904410 -900843 903355 -902986 -905268 -903822 -902703 908523 -903530 900535 -900785 902798 -913828 -906224 902680 -900403 908130 -901509 -905026 -901304 -903972 -915134 -901959 -910724 902866 901732 -901652 -900996 -905121 900389 -914180 905606 903556 901728 908670 -903224 902114 901042 903969 902781 901710 -900917 -904645 -900030 907883 -902093 904738 -909836 901825 -902996 -903214 -902932 -901526 902848 -901812 905994 -912887 901843 -902884 -901908 901954 -901584 -901309 -900434 901804 -907564 911100 -904335 903416 906364 907739 

Az x darab bitcoin amit a(z) 37. szemely altal adott arany-bevetel szerint lehet felirni: -901067
A(z) 37. szemely arany-bevetelei: 913224 909247 901181 -900082 -900308 -900666 925250 908850 -901593 900219 902235 -903867 -903067 -902433 -906491 -901506 -901749 904036 901941 902578 900796 -900119 900744 -901035 -901638 -901837 905702 -906874 -902139 901678 -901170 902508 900870 901129 902934 -901964 907798 -903239 -902172 902853 -900284 904243 -901136 906451 900015 900873 -903575 -904842 -901128 -902036 902351 908178 906574 -908688 909455 901487 -903006 -906169 917512 -902464 -901812 900027 900567 -901412 901570 914915 906215 -901613 901336 901378 902920 -901883 900404 -902889 904345 910679 902373 907816 904822 -901097 -902825 -900782 -904061 900042 922752 -902047 903840 -902845 -901209 905520 900336 -911757 -903614 -900125 -905841 -900166 925924 -904184 -903185 -903707 

Az x darab bitcoin amit a(z) 38. szemely altal adott arany-bevetel szerint lehet felirni: 901173
A(z) 38. szemely arany-bevetelei: 903710 902354 901424 -911446 -906099 911586 901354 -903023 -901998 908222 901198 -900356 900432 900438 904293 901446 -901681 -903173 906253 -907199 -901447 -905236 -901495 931630 -902277 902524 902610 903486 902471 -906716 -909790 901984 903908 -904355 902811 901234 903220 -900655 -904466 901652 900796 -906229 901342 903747 -906238 910262 -904628 -904613 -903151 900936 900647 -903261 904932 -907259 904408 902904 -901321 906817 -901164 -907370 -922091 -905442 -900627 -904251 904808 -902171 -902481 902078 -900688 901951 913177 903387 -901860 -901539 -904909 902344 902079 -903248 -900122 -925855 -928368 -903351 -904523 -903360 905324 901488 903467 -914696 -900827 904707 -902746 -902923 -901756 900125 900701 910455 902882 902131 -906363 -903393 

Az x darab bitcoin amit a(z) 39. szemely altal adott arany-bevetel szerint lehet felirni: -900933
A(z) 39. szemely arany-bevetelei: 901576 920669 902246 -903162 -900923 901798 -900050 901979 902260 -902105 -903280 -901616 901689 -903405 900100 915686 -900235 903506 904283 901742 903552 -902689 902996 -903268 903775 -901561 900409 -902553 906545 -926526 -901899 902310 -910155 901066 906738 905546 -902835 -900599 901111 -900797 -903074 900765 -905261 -901209 913118 -903232 -900241 904592 -904713 902935 -902395 904168 906726 901428 -901052 -907331 -900050 -901100 -902430 -900057 -900260 -916215 -910607 903620 902340 -903094 904590 -903066 901153 -907187 -901601 901780 -901298 -901787 -911755 -905111 906995 914720 900590 -900082 901892 901789 931855 -902092 -903533 901279 -903209 906902 902059 908755 906144 -902837 901337 902948 -906977 902778 902535 -903960 904074 -900643 

Az x darab bitcoin amit a(z) 40. szemely altal adott arany-bevetel szerint lehet felirni: 915468
A(z) 40. szemely arany-bevetelei: -902669 -903931 -910832 -902755 -920868 904326 -924408 -901744 904030 -901022 -901090 -901118 -903013 907691 -908888 -904028 -903218 903966 902924 -904666 -905311 -903084 -900496 900420 901863 -902736 909869 -901082 -903913 904850 -905508 -929330 907099 912929 902529 -900325 907388 904949 903795 -902781 -907206 916098 900736 -909421 907744 -926012 908804 900138 -901629 903429 -901300 914756 -908998 913782 905015 903680 -902245 -932126 904804 902338 -901184 921083 903215 909682 -902240 904322 900499 904818 -903385 901441 902211 904059 901996 903805 902850 903106 -902196 902243 -901926 901512 -902318 900533 -902705 -900228 -908731 921714 900756 901124 902722 921494 909448 903683 -912844 902166 924714 900364 906014 908070 903144 -903758 

Az x darab bitcoin amit a(z) 41. szemely altal adott arany-bevetel szerint lehet felirni: 900862
A(z) 41. szemely arany-bevetelei: 907032 -900078 900653 -904247 900327 908159 904775 910734 -901758 -905454 906524 -902054 903271 -901852 -901109 905556 -901143 -901930 902624 900777 -904304 -902160 -901300 902726 902832 900614 -903105 910117 928632 926329 -903323 901521 902196 -905342 -900361 -916017 -930982 903567 901642 903280 903288 901402 -900232 -913827 931705 -919044 900121 901963 -909332 -902063 -930825 -906876 903779 901461 -904189 -903246 900545 904102 -907659 -901741 921129 -904459 901393 -900548 -900201 902705 -905377 -902644 901231 -914302 -909158 -905456 904043 -906865 -900537 -902229 903580 902536 -904161 919459 -900470 921970 902595 -902565 -906497 -900690 -901751 903133 -903262 -902972 901632 902135 -901670 -900256 901839 905272 -908876 -905654 -903558 902262 

Az x darab bitcoin amit a(z) 42. szemely altal adott arany-bevetel szerint lehet felirni: -902228
A(z) 42. szemely arany-bevetelei: -907021 903278 905309 -905386 905210 910444 902673 -904653 -911856 -901427 902002 -901210 -903949 900114 -905322 -911956 -902315 904432 -903719 923209 -900347 -900404 -903198 -905483 -902709 902721 927153 916381 -901555 903195 -901918 905979 -905023 918053 902142 901773 -906233 914699 903820 905493 906052 -914814 -900634 -901032 -906912 -903032 -908612 901412 905112 -920681 -902484 902171 -901714 -912280 -902241 901634 -901245 -901754 -907733 904085 902355 -907074 -903180 -906322 -900541 -903140 909018 -904054 909506 918752 914651 -902587 -903990 -909708 -903221 901897 900979 -914365 902595 907622 901917 -905764 920431 -901916 905914 -913024 -902965 -900705 -901782 -903563 907458 903034 -901245 909565 -900020 914894 -910635 -900051 -904435 921659 

Az x darab bitcoin amit a(z) 43. szemely altal adott arany-bevetel szerint lehet felirni: -903792
A(z) 43. szemely arany-bevetelei: 902449 907245 902403 901171 -902232 -931456 -908740 -901476 903390 -901992 901021 -912082 930789 -908042 -903194 912017 -900231 -902175 -903340 -901405 -901098 -914010 -904208 924585 902480 -901534 -916272 900697 -905143 903429 901784 900774 903743 -907654 -903232 -904396 -903346 901460 914429 903277 -905615 -900294 900790 -902907 900616 902985 -906491 911347 903628 907229 901934 924926 903926 -903258 -919001 -904452 -900076 903328 902078 -901431 905700 914885 -903489 901718 -903967 902582 -900221 -905062 -903657 -910104 -902363 -900102 -900434 -905766 903398 901100 906236 -900384 905676 902221 903089 900555 907019 907948 900722 903461 906400 902668 902178 902327 902521 903361 914148 -915630 -905805 -923360 901408 903727 920417 -909905 

Az x darab bitcoin amit a(z) 44. szemely altal adott arany-bevetel szerint lehet felirni: 905409
A(z) 44. szemely arany-bevetelei: -901303 900087 913368 -902892 -901310 -902158 -901817 -903779 -905356 -902874 -902494 -905879 904399 905169 -904758 904337 -903132 -903596 -903163 900033 -903152 -915860 904878 901469 901942 901840 903678 -905942 901749 902891 -902755 -903884 907615 -901885 -900606 901945 902621 -905396 900829 -900972 -901401 -903236 -911367 -907537 903798 -902824 902555 -901993 -900309 917564 902957 -900115 900058 -924897 -902165 -902317 900642 -901032 902603 902884 -901637 900299 902342 -902510 -904424 903565 -907562 900790 901017 900174 -905380 -913130 -910784 -905178 -904866 -901865 -903831 905196 -901357 -900885 -900070 -902591 -904227 905279 903039 -904783 -903047 -928076 913245 -902686 -906197 901091 900322 -901725 903540 -915238 -902716 -901020 902100 -903298 

Az x darab bitcoin amit a(z) 45. szemely altal adott arany-bevetel szerint lehet felirni: -901494
A(z) 45. szemely arany-bevetelei: -900151 900506 912715 -902546 901739 910309 -905732 906181 920132 901687 903278 904601 -904773 -902110 -900406 -913079 -900920 905050 -906289 -911305 901059 -905310 -903327 -902575 -908261 -903900 902478 -901851 902742 -902007 -910074 902750 -904028 901772 901774 904699 -901415 -900888 -903622 900728 -901865 -903003 -908652 902416 901088 903566 -907892 -904274 -903189 904357 902555 906214 902323 901324 -901391 -902593 909338 -905118 -901445 -900886 -904433 -906255 905548 -906115 900441 901118 905053 900280 -903760 -907991 906273 909563 -901998 903119 -930412 901561 902130 -903339 -930452 -912243 904073 -904615 905488 906667 -919441 905919 907388 -901828 -920682 915503 932367 -901012 906427 900772 -907028 911425 900382 -902307 -903372 901121 

Az x darab bitcoin amit a(z) 46. szemely altal adott arany-bevetel szerint lehet felirni: -903202
A(z) 46. szemely arany-bevetelei: 903571 -900427 901448 904639 -908968 -926111 900322 900797 -900503 -902281 -904127 -904367 -901075 902242 906192 900689 904115 -900923 909686 904390 901525 903739 -904453 912311 -910538 -902806 904381 900698 902284 -901191 -903279 905419 -902729 915513 -902913 -929394 901539 929268 -901846 -902542 -901637 900930 915614 904034 900272 -902808 -901174 907232 903508 -903102 -900309 -904733 901895 900764 -900723 901612 -904568 902847 905966 906552 -923816 902629 901746 -901059 903783 901876 -901610 -905387 902306 910130 -900892 904388 915190 -903689 -909763 -908383 -903091 -903914 -916076 -908767 900835 900932 -915216 905419 902946 906719 910197 901957 -902086 -913274 900559 902792 -901699 -900263 902453 906092 -907143 902293 -900474 907826 

Az x darab bitcoin amit a(z) 47. szemely altal adott arany-bevetel szerint lehet felirni: 900204
A(z) 47. szemely arany-bevetelei: -901832 -901903 904385 913434 901734 -903554 902024 901858 906416 -901788 -902654 -903128 -902498 -900045 900771 -902166 -909227 900860 904780 902797 -902895 -904472 901379 900305 -907206 -906623 -901270 -900601 902991 -903156 905996 -900401 900593 904245 903770 905110 907437 -900950 -901978 902999 -904290 901461 901519 -902052 -900193 921765 903489 922785 -903068 907464 -901506 911138 901225 902504 -902486 902592 -901867 901748 905855 -901542 907547 904340 903991 903208 900801 900553 -900418 -901845 903506 902251 -901893 901443 -905387 -901285 -903955 904567 900802 -905110 927754 -900178 -901716 902389 -927356 902492 -902141 902500 901948 -902931 928942 -901608 910436 905625 -928667 -902581 909479 901664 -902242 902760 900283 -901276 

Az x darab bitcoin amit a(z) 48. szemely altal adott arany-bevetel szerint lehet felirni: 903222
A(z) 48. szemely arany-bevetelei: -900473 -902953 915245 -901649 -907809 900469 906676 -910519 901527 901889 901602 901979 900266 901391 900580 900626 900860 903399 -903063 906838 -904909 902704 -902465 -903599 -930008 900896 -901192 900711 901374 900572 -902998 901816 903484 -906171 903817 -900528 -903658 -901747 911753 902019 903936 901386 900367 900884 905451 903752 901959 900944 -921103 902986 904736 -907098 900507 900369 905506 902568 -928423 909214 -900997 908989 -900597 -901467 -903403 -903145 901280 -903839 -901888 -901793 900008 -901051 913028 902654 900083 -901665 905022 900056 903420 915184 900676 902114 901128 -904252 926619 902994 -914607 907652 -900328 902401 -910345 -903247 901596 -901670 -903502 -902655 -903796 903850 900606 900085 925906 -905730 

Az x darab bitcoin amit a(z) 49. szemely altal adott arany-bevetel szerint lehet felirni: -901484
A(z) 49. szemely arany-bevetelei: 900690 903434 901788 -903251 -904952 901213 -910198 -901130 -930729 900903 904685 905319 903903 902194 900187 -902895 -905164 -902464 900896 903403 900979 901423 902745 -902638 903520 -905678 900214 -924119 901258 -901027 918237 901059 -902066 -900528 900394 902599 902535 -901420 -900499 918755 -902305 900865 -902072 901382 902096 900051 -900277 904168 -905182 901300 901526 -913273 -932468 911746 901777 915205 -903598 -907499 901515 901643 -910866 -903073 900111 -900123 -905166 -904490 -903278 -900954 -924290 -902789 -917803 901544 901021 901532 903186 903059 903506 -902681 908287 -901092 903921 923504 -900538 -904540 900119 901671 -902426 -900239 -910378 901993 902762 902910 901461 901091 -903795 902628 -902253 902853 -902167 -906164 

Az x darab bitcoin amit a(z) 50. szemely altal adott arany-bevetel szerint lehet felirni: 901396
A(z) 50. szemely arany-bevetelei: 900123 901751 -901002 900405 -900232 -904100 -903270 901407 907376 903554 904009 903367 -915176 901733 -902490 -902083 903670 910586 -900816 903470 903129 900421 907347 -900926 901555 -903553 903389 -903385 902496 -900394 902196 909505 900037 904264 903807 904916 -904118 901504 903097 910753 -925791 -900505 900422 903555 -901679 913187 902083 -905633 902931 -901463 902572 903182 900467 -904487 -901943 -900517 -902771 -908774 903825 -904613 -905254 915388 -905406 904482 -901269 -900626 901093 -903433 -929132 900726 902015 -901153 902710 931726 -907982 -901144 907325 -901766 -902751 -921915 912816 -900961 -906115 -907914 -906762 902186 901525 902390 -907001 -904412 -900355 -902579 901653 901768 914424 -904830 -904313 904002 902801 904348 

Az x darab bitcoin amit a(z) 51. szemely altal adott arany-bevetel szerint lehet felirni: -903730
A(z) 51. szemely arany-bevetelei: 903136 908704 -903846 904201 -900915 902935 -900990 906548 -902781 -900860 -902782 -904120 -901596 900951 903672 -906152 -905118 -902346 900868 906953 -927312 -916407 931024 903204 902408 914842 -903811 901575 902275 -917080 900074 902582 -901415 -906992 915744 902298 -902660 900840 900276 906313 902604 -902627 -908628 903652 -902730 900892 -901020 900308 -904437 -900013 931196 -903586 -904495 -905369 -906969 -900719 -902943 903557 901166 931089 901945 -900784 900614 -905652 917438 903915 -909482 904018 -900621 901390 901816 904340 902392 -900582 -900231 -903245 902199 -902901 900823 903161 -902294 -900258 902876 905830 905363 -902867 -912666 908067 -901121 -902288 903145 902650 901153 -900111 -900018 909221 -900724 -906997 900611 -902384 

Az x darab bitcoin amit a(z) 52. szemely altal adott arany-bevetel szerint lehet felirni: -903086
A(z) 52. szemely arany-bevetelei: -907250 901293 902219 -901670 901118 902262 -906505 902510 900815 906778 -902151 -901152 900930 901548 904038 -900156 902573 905798 -909038 -915269 900529 -915678 902858 -909280 -900892 905006 906725 902181 -903751 904324 -904352 901352 910296 901246 900289 902778 -907189 900278 902376 902441 905183 914079 901340 900215 -925602 -901909 902633 -904808 930771 -900881 906077 904128 -903572 -902168 -901321 902412 901564 906386 -916283 907871 902536 -901988 902422 -905573 908360 902032 901521 909146 -901282 -905636 901246 -909334 -900996 922424 -900015 900753 -902138 -916117 907469 901503 903644 907802 -906359 903288 -906969 903262 900701 -922544 910465 -904166 900556 902156 -903486 -900816 906459 904257 -902833 -921374 902357 905428 

Az x darab bitcoin amit a(z) 53. szemely altal adott arany-bevetel szerint lehet felirni: 902591
A(z) 53. szemely arany-bevetelei: 900841 -913676 -923941 900413 901890 900190 926032 -907729 907169 900488 913264 -900549 -903566 902329 910024 902529 901501 905603 -902966 911512 -900116 -908118 900172 900727 -920672 -901486 903214 904316 922010 901481 900928 923559 -903944 -932339 -909424 -902065 -901983 903293 -912672 -902692 -901989 902853 901699 -900707 -908456 -900419 911850 901221 -903451 906528 900725 -910453 -902395 905315 -902128 904472 -918444 -902735 901394 900940 -902841 916892 -927459 -904710 -904696 900688 909491 -900368 -904167 -900792 -901341 901000 900786 900725 -905016 -902070 901776 -905749 -907651 902743 900818 903086 -901695 903243 -912840 -900736 910356 901340 903478 910474 901822 901065 901683 903156 -900508 900239 -908191 903886 903982 900221 

Az x darab bitcoin amit a(z) 54. szemely altal adott arany-bevetel szerint lehet felirni: -902448
A(z) 54. szemely arany-bevetelei: 904550 -903226 -901839 908822 -902843 -903756 -920521 903309 901235 902562 -905952 902142 -909925 -901004 900071 -901686 911494 -900716 904368 906224 -903508 -900166 -932635 903434 -903257 -900448 901025 900027 900234 901034 -904805 900833 900121 912550 -904265 -903783 -903904 -929917 908532 -911084 -902120 -900895 -903383 901872 917720 903253 -900593 901742 -904995 -902908 -900971 -903949 904548 -908786 919231 -901025 -923187 900637 903257 915576 909748 -902761 -903226 904411 -901850 901532 -904902 -905055 904349 901293 904631 902326 -901616 -901242 900940 900842 -907987 902095 902325 900520 901341 -907367 -906050 900425 900662 -907105 913426 -900783 900388 900853 -902023 -900809 -923537 -901915 -903034 900251 901163 -922836 900994 -907232 

Az x darab bitcoin amit a(z) 55. szemely altal adott arany-bevetel szerint lehet felirni: 904730
A(z) 55. szemely arany-bevetelei: 902883 932462 916058 906892 930544 -905298 904855 -902862 901050 900111 901314 -903148 -904677 905892 -909871 900101 904412 -905134 903745 900508 901858 903100 -901712 903525 -903797 901713 907295 -900060 -906768 -907570 -910338 900844 901847 -900232 -900945 901804 -901726 900182 -911498 902159 -901469 908272 901929 -904760 902632 -904320 900989 905976 900714 901248 -900434 -903927 903496 916012 -903504 -927129 914886 900952 901866 -903941 -901163 -903957 902937 -901365 -902116 916212 -900533 904735 -902598 901128 900381 900828 901825 904319 902125 918395 -905057 901763 -913668 902958 -901975 905362 -900017 -903823 -900728 903851 900929 927945 905186 903312 900159 910581 -900152 -902453 903802 902720 -904160 900449 925997 -902089 

Az x darab bitcoin amit a(z) 56. szemely altal adott arany-bevetel szerint lehet felirni: -904047
A(z) 56. szemely arany-bevetelei: -903323 907063 910163 904262 910518 -909551 906325 903659 -901436 -900864 -905540 904587 903305 904751 904043 900816 -900512 -901620 908502 -900325 902004 -903348 905198 -901147 -905695 -900497 903306 -902895 -905286 -900453 -901973 -903016 -902028 -902933 904162 -900056 902389 -900517 -901727 -902862 902976 -901633 902442 -904770 -903245 905980 -913248 -902074 902985 903620 901398 902401 -901534 901672 -900180 903833 902624 904471 -931789 -901167 910749 -922642 -901879 -901410 -900178 -901591 -904053 -900654 901713 900172 -900474 -904126 903519 -900351 -900758 900366 902353 -928428 917523 -900152 -900687 901266 903650 901350 -904056 901978 -902007 900818 -903914 -901872 -904594 900980 -900127 922969 -904109 901164 902591 900485 -905509 -905093 

Az x darab bitcoin amit a(z) 57. szemely altal adott arany-bevetel szerint lehet felirni: -909199
A(z) 57. szemely arany-bevetelei: -913451 900550 -916361 -907746 -910646 -903526 -900752 900333 913548 -901512 -922837 -902501 -901609 -932594 902300 -904216 -901279 910626 903660 -900387 903004 -903062 -903342 905101 900600 -905215 -901006 907142 900184 -900944 901046 -901652 902504 902076 902533 902566 903327 901809 -902981 906294 -903795 908035 -902172 -914753 -913417 -903568 911085 902588 -904457 904886 -900181 -914175 902760 -907455 901231 902750 -901070 -901848 -901502 -929567 -917368 -908229 -905184 -905098 -901037 901933 927048 -905318 901617 910344 -902279 -901779 900492 -902019 908989 908149 -902112 901257 905553 906252 -908572 902156 -900910 903274 -909615 -903908 920803 903146 901463 -902624 902045 901538 -901065 -909079 905486 -903755 -903050 905254 -901021 -910285 

Az x darab bitcoin amit a(z) 58. szemely altal adott arany-bevetel szerint lehet felirni: -908696
A(z) 58. szemely arany-bevetelei: -913103 -903172 -906502 902405 900366 902147 -901796 -900204 900672 901132 902401 -900088 907853 -900262 -909409 -902885 -900099 -903213 902266 -901397 -900281 -906770 -910858 -905273 -907446 -900599 -904504 902306 901790 -901597 -902688 902209 -907064 -902231 -907022 903356 -903677 902717 -907162 -900324 -900928 904160 900660 -902703 905886 902192 903727 -900833 -911583 912112 904265 905002 -910759 901926 -902249 918393 -902837 906375 -903056 -902616 -900265 901104 900494 -900409 905933 -902852 900710 904619 911776 -901950 -904241 -900216 -905590 901175 -902448 926739 908616 -904848 900136 907902 903125 904604 -901853 902150 -902489 902598 -906758 900485 904134 -906768 -900477 -903816 -908184 900084 -910184 902742 902335 902869 -907523 909709 

Az x darab bitcoin amit a(z) 59. szemely altal adott arany-bevetel szerint lehet felirni: -900100
A(z) 59. szemely arany-bevetelei: -914779 -901446 902679 -901396 909337 -904380 -916107 906062 905912 901272 903600 -903109 902112 912580 902947 901269 901395 901105 -907077 -907591 901750 919868 -902374 903984 -907466 -906478 907463 902864 903902 -909690 -904514 -900900 -902663 904616 -902965 -900621 901641 -908438 902262 901824 -900051 -900226 -903395 903068 901386 -900243 902579 900304 930450 -905812 901190 903765 902020 -900020 -907227 901620 -902498 -921867 -903433 915672 -904767 -912624 -900765 901306 -902300 905781 903578 928446 902480 904039 -903890 911138 -902160 900184 -900418 902253 901476 -900768 914206 902351 -906628 -907229 -902003 900773 902575 -902494 905251 903299 906664 -900762 -901110 -902099 906349 901154 900694 903266 904804 -906182 -901954 -905616 

Az x darab bitcoin amit a(z) 60. szemely altal adott arany-bevetel szerint lehet felirni: -903639
A(z) 60. szemely arany-bevetelei: -901988 902874 905400 -901278 903341 908907 -914121 903254 903116 901846 -901016 -900370 -906642 903091 -910500 -900794 900208 -902632 901226 -901563 908444 -900610 903560 906204 902408 904048 -902200 -900418 903382 903582 903605 906131 -905504 -906273 -900036 900438 903290 904379 -902236 900697 902808 904365 -902903 -900538 -903431 903058 -904282 -901604 -900504 914895 -901027 -901563 -903996 901668 -905425 -906474 902930 902104 -908131 -900977 932368 901732 -919496 901462 900110 -900250 -901079 903493 906020 -910202 902270 903352 -912886 908854 903302 902889 902983 -901467 904016 -901544 -902138 -903984 -909662 -901748 -903016 903371 903416 -900867 903250 -900622 906715 900021 -901443 901609 900224 -905524 -901394 -902461 -910893 -901547 

Az x darab bitcoin amit a(z) 61. szemely altal adott arany-bevetel szerint lehet felirni: 902089
A(z) 61. szemely arany-bevetelei: 902606 900722 -911186 900085 902772 -902401 900673 -903336 -902338 900373 -902451 -901907 -906848 -903535 -909791 -903964 -903571 926531 -904270 -909870 -901040 931319 902838 -902174 900371 -901611 -900647 900690 -900027 903238 -907327 -904526 901998 -902231 902599 -902243 920215 908091 901394 -903073 -902933 -900500 900597 901755 904263 910722 -902238 900277 916208 924435 -901725 -902723 902375 905074 -903956 -912842 906046 -913713 -902424 901393 -902349 901578 901435 -902831 904093 -903706 906312 -906983 901504 908161 -904266 -903659 903730 901482 -901211 900521 910538 902691 903048 -902756 -900279 902230 -904438 903299 901089 901693 -905446 -901758 902852 -902812 902351 -902431 905052 -902405 901655 -902335 901252 -903680 -908347 906336 

Az x darab bitcoin amit a(z) 62. szemely altal adott arany-bevetel szerint lehet felirni: -900576
A(z) 62. szemely arany-bevetelei: -903458 -902425 900583 907436 -903420 907425 901493 907190 -904800 -903311 902243 900459 -903569 -907017 909171 910406 903787 900852 900144 909274 -900986 -903093 903176 905784 902866 -903862 901666 902503 -901580 903998 -900483 -904588 918782 -904618 -917434 -902721 -901041 900166 901733 -901486 902065 -905576 902365 -907600 -918142 903049 903324 902304 901462 -902107 -902035 -900038 903478 900028 900209 -902592 901286 -901914 -910735 -900190 -901640 -900491 -901964 900952 -902953 902621 901674 -903785 -907880 -901101 -900362 903393 -900404 -901512 -914616 -903964 905064 900817 901102 900904 908322 -909058 -900411 903850 901524 -916236 -904112 902066 -908031 901806 910044 907483 -900938 902000 -905374 -903367 902580 931181 903463 902198 

Az x darab bitcoin amit a(z) 63. szemely altal adott arany-bevetel szerint lehet felirni: -903084
A(z) 63. szemely arany-bevetelei: 922940 -915729 906528 -904631 -903162 -905333 -902506 911047 901344 -930492 -901037 903015 -901166 -901573 -902510 -900389 901180 902081 -900260 902982 -914661 916040 901054 -900428 -928905 902583 900270 -900503 905656 -902662 -904189 -905254 900376 -907328 907141 909008 -903037 -904694 904047 -903405 -902320 901676 904347 911498 -905081 906251 902671 -900918 -902663 -903323 900284 -901301 -906533 -905667 905670 -927748 -900287 -907841 902764 -900497 900622 910579 -908619 901831 -904329 903867 -907576 -900522 901287 900812 -902138 -902872 902877 -903213 -902494 902948 900093 -900907 918721 -902692 901909 -929873 908347 902259 -905054 901612 -906192 -901142 902433 -900793 -900553 917400 -900880 -900873 911884 -929679 901478 -900797 903341 900480 

Az x darab bitcoin amit a(z) 64. szemely altal adott arany-bevetel szerint lehet felirni: 900709
A(z) 64. szemely arany-bevetelei: 903459 -906446 909384 -903754 901736 902418 905184 907069 904896 -903130 -903290 -905219 904598 -901672 -905333 -902959 -906211 905877 900226 908121 900370 -900770 -901312 906547 -903563 901957 901540 926808 -900136 900047 -902740 901022 -903143 -911094 903211 900438 901886 906775 -901962 907716 903137 -903724 906675 903258 -902715 901050 902905 -930920 -905354 902418 902733 909092 -900134 -901516 900616 -900288 -910840 911000 908756 -902593 900780 -900664 -900406 -906120 908098 904016 900189 -909722 910288 -900053 -901760 -903256 -900466 -900427 908785 -902796 -901508 -900867 -900235 912269 -910678 903455 901036 -901324 -902232 -905162 904946 -901788 -901302 904390 -901123 900952 -902622 -903223 908088 -903663 -903629 -902228 903404 901420 

Az x darab bitcoin amit a(z) 65. szemely altal adott arany-bevetel szerint lehet felirni: -916333
A(z) 65. szemely arany-bevetelei: -913776 902745 -901481 -906624 -901084 902105 -904617 -904511 903384 -903926 -903526 900133 903193 914227 -913082 -901296 -902655 -902132 900002 902675 900715 -907059 900248 -900662 903041 -908807 900596 -913561 907018 901066 -900130 904237 908074 901085 -918024 -903120 903723 901298 -903002 900005 903983 914716 901733 -904463 905018 -907189 -903160 903818 900863 -913220 -902826 913364 -900082 901592 -900712 -903208 -906418 903630 903906 900784 -902864 900776 907042 -902377 -903362 -905884 -907718 901353 902519 903733 904017 900198 -903651 -906720 902087 904655 903557 -904410 903224 -903549 901941 -902214 -909987 901654 -903062 900075 -912924 -904239 902067 915958 -901788 901052 -904284 907420 -910900 -901070 -902984 -900162 907672 923092 

Az x darab bitcoin amit a(z) 66. szemely altal adott arany-bevetel szerint lehet felirni: -901948
A(z) 66. szemely arany-bevetelei: 901757 902532 901816 -926928 -902758 900048 901893 -900327 901922 903281 -912240 902748 903774 901473 901134 902394 -904603 -900169 -923822 -900294 -919669 902879 -907894 903523 900675 902370 -900321 900615 900620 -901279 -903612 906851 908959 -906716 902753 -901520 904172 909766 -900032 -902208 -913912 -902428 -908355 901987 901812 -900532 -900070 -902542 -903070 903036 -901883 -908028 -900060 901220 -901749 900842 909354 900397 900387 904609 -901619 905597 909271 -903748 -902591 901920 -902642 906927 910440 -900261 903154 910492 904869 900271 901391 902391 909964 -901349 903348 903183 900544 -903598 -902511 -904385 904229 900186 -900682 906833 -901907 911103 -907474 -903660 904048 900781 -908169 900478 -901248 911651 -904764 902062 

Az x darab bitcoin amit a(z) 67. szemely altal adott arany-bevetel szerint lehet felirni: -915944
A(z) 67. szemely arany-bevetelei: 904626 -903081 -900170 900833 915037 910700 -904106 901860 -901154 900182 903087 -900816 901711 903266 -905611 922806 900615 909449 905398 -904472 -916236 -929758 912710 -900493 901191 -902921 903724 -900265 902902 -916208 -909735 -908476 -901848 -901796 -900078 902363 904314 905962 -916046 905233 -904663 900048 -901660 901410 910206 904651 -903202 901526 901919 -908176 -925783 902204 -902867 902678 -900274 906540 901574 902498 902310 -903149 -901641 902095 -912846 -904930 -902724 -902022 910808 904057 -913975 -901207 901443 900253 -903573 900711 -913831 -900049 904727 909976 912144 -906831 -918283 901181 -902344 902531 900199 -907098 901316 -902268 -901920 920734 -903511 907288 -900106 903043 926789 -900083 -900860 -904347 914852 907682 

Az x darab bitcoin amit a(z) 68. szemely altal adott arany-bevetel szerint lehet felirni: -905431
A(z) 68. szemely arany-bevetelei: 903632 -903235 904594 906782 -930820 -908629 900148 901874 901374 927906 -901730 902826 908901 905680 -909792 -902490 901596 906352 910176 -903385 -901528 -900012 913470 905425 -900506 -902924 904681 -908623 902584 903999 902298 902166 902640 904204 905525 -902868 925448 -931394 -901504 -908696 901869 -908623 -906038 -903460 900755 -903452 -901706 -900672 901960 903308 -903422 -904713 -901973 900171 902644 -901323 918957 -900564 913448 -900744 900859 908230 901268 -903336 932224 -903242 901751 907754 902879 900249 900931 -920884 903764 -902708 -903802 -901995 -901771 903883 904130 -900661 -902887 906199 907740 903153 -903196 902227 904447 -907865 -906617 905248 901738 902004 906737 900041 900087 -900914 -903499 -906216 901684 900348 

Az x darab bitcoin amit a(z) 69. szemely altal adott arany-bevetel szerint lehet felirni: -902228
A(z) 69. szemely arany-bevetelei: 903616 -900434 -901660 901368 -904286 -901181 -902900 903247 901703 920075 -900834 902898 902402 -903899 902152 902732 -901334 -905432 901320 -904445 900499 900641 -905420 905311 906259 902042 914042 -902711 -902697 -900645 901846 -905209 -904422 -900958 -901406 -902438 900469 -902547 -914982 -902630 -930513 -915910 -901822 904341 -900807 -911578 902554 900318 900050 -903196 900452 -903155 901535 -904121 -900684 -902135 -900130 -907685 -903239 -906371 -906572 -919302 903012 905204 903326 902757 909762 901432 902395 -919062 907098 -900214 -901987 902983 -903495 -900791 -909930 926253 -901199 901319 -904881 -904910 903400 901983 901954 -909571 -914536 901825 901274 -906301 -902356 901342 -907464 -903728 -903581 902451 -903908 -902796 -906071 904606 

Az x darab bitcoin amit a(z) 70. szemely altal adott arany-bevetel szerint lehet felirni: 905321
A(z) 70. szemely arany-bevetelei: 902228 -904858 904555 -930393 -906832 -900628 917158 902001 932397 -900504 903500 903231 -900338 902568 -900745 901274 -900817 -925789 900184 -901552 902518 921084 -900736 -901190 903604 903268 900370 904794 902474 902689 -901185 -903278 904222 907509 -900615 -906038 900456 -902168 -900285 904147 -900043 904483 901821 -904616 904422 912118 -900024 -900970 -901389 -902661 901032 902821 902430 -904860 -908477 -904116 -901454 -901263 916210 903905 904069 903370 919637 -902647 901467 -912893 901672 -900813 -904769 -903309 -906188 901258 -907790 900350 -901034 -903211 -906158 903320 -912529 -902963 902720 911120 902222 -902321 -902014 -900402 -902017 -915706 -906007 901116 -908561 -904479 -916093 902287 901404 902111 -904681 -901118 903219 -903066 

Az x darab bitcoin amit a(z) 71. szemely altal adott arany-bevetel szerint lehet felirni: 900981
A(z) 71. szemely arany-bevetelei: -910920 907246 -905409 -910815 -903808 909449 900522 -930626 -903151 -910774 902856 904419 -903356 -900349 -903502 -907974 925091 901237 -900180 901353 903267 -901017 -901436 903600 -902836 901398 905080 -907820 902413 929218 900523 -912153 -905112 -911273 -904213 901465 -900395 -903587 902763 -903204 908136 911296 -901549 902776 901716 -902227 912541 903373 -901513 903156 -903583 -904231 903763 900712 -900322 -903142 -903331 -905984 -903777 902193 900878 904017 -925857 900018 901986 -904041 904016 901493 903137 -900818 900315 -907978 -902055 903155 -900039 -907647 902788 900287 910519 902850 -900797 904588 -901830 -900053 -902638 -901096 -915713 -901800 900110 -901323 -907850 907567 -900553 901401 902250 903410 -901127 -904214 904513 902664 

Az x darab bitcoin amit a(z) 72. szemely altal adott arany-bevetel szerint lehet felirni: -902547
A(z) 72. szemely arany-bevetelei: 901167 -906170 906075 -902305 -901777 -901209 903043 902876 -903528 -904633 901057 910489 907360 -906819 902841 901976 -904272 903846 900974 -900533 -902915 -922989 -904056 901581 -902787 -902746 -905601 -900918 901908 904131 904949 -906398 901175 -904618 910557 -903182 914190 -907430 903701 901229 -903935 -901035 902794 903366 -908696 903015 -903639 -901240 901475 903722 -900041 -903702 -902648 -901520 -903609 -901656 -900886 -901563 -900475 908945 -902852 910071 901861 -904979 900988 911310 -902134 -902951 901329 -913027 -901740 -903615 -908519 -902322 -902776 905952 -905268 -901741 904912 904506 900716 -903168 909222 -907738 903730 -903633 901883 -903098 -903046 902541 900117 906859 -909096 904245 901307 902672 -904374 -901642 -901154 900943 

Az x darab bitcoin amit a(z) 73. szemely altal adott arany-bevetel szerint lehet felirni: -903407
A(z) 73. szemely arany-bevetelei: -901118 901738 903076 900164 901784 903299 -900488 -905197 905945 -902474 910484 905487 907538 -900634 -930312 901040 900682 -903896 -900222 906493 905143 902721 901366 900484 -900959 901360 902473 908357 900719 901527 901578 -905829 -903151 -900467 -900966 903614 -900906 913136 901077 902479 -914673 900631 907764 900725 -901669 901262 -901581 900635 901899 908523 -901983 -900871 903007 -904075 -900907 -907665 900600 902299 902794 903705 -916967 906090 922134 -902184 909064 900357 903526 -901875 903649 901686 -902460 904731 -901772 901559 901089 -901812 -903053 -906231 -902009 -902060 905292 -902018 902683 -900643 900081 -924904 901056 -904157 -905317 904058 -900610 -903457 -900844 -905550 -910624 -901312 904516 -903159 904879 900637 

Az x darab bitcoin amit a(z) 74. szemely altal adott arany-bevetel szerint lehet felirni: -904653
A(z) 74. szemely arany-bevetelei: 902642 902801 901089 900894 -900623 -905310 900309 902472 -901171 -904984 900354 902798 900151 -902629 -901055 903311 905910 -903512 -900622 902652 -900851 -915492 -907259 902105 -900758 -905115 901573 -903284 903345 902649 -900985 907119 -903590 -903276 913572 901278 901904 918667 904648 901002 -908082 -902757 901372 913106 -910169 903064 926940 -901622 902655 904830 902390 915667 -903347 -906982 -900991 900711 900091 -902383 -900418 -900163 -925275 -905618 -904428 900678 900507 -900891 -926202 902273 901308 -905746 901138 902198 -900764 904859 -900161 -904649 922369 904798 -905628 -904343 901498 -900887 -901574 -906420 -905604 901969 -912378 901290 -900376 905652 -903760 -909982 901067 -900035 -904911 909581 -915929 900270 -919587 926738 

Az x darab bitcoin amit a(z) 75. szemely altal adott arany-bevetel szerint lehet felirni: -907031
A(z) 75. szemely arany-bevetelei: -902640 -903329 923072 901487 -901991 914020 -903750 -925559 912291 922396 905310 900531 900329 -902996 -903838 902737 900447 901726 903158 904897 903901 -901242 903243 -902468 -908048 902614 913316 -910877 903055 -905991 902949 -900282 -901594 902409 908440 901997 -901218 -911922 -902874 -901640 903861 909490 -902560 903098 -900288 924980 904534 900560 901651 -922153 -925364 -907223 -904475 903508 901279 -902471 901223 -903393 902720 902314 -907755 906050 -908123 903726 -902020 -901470 -901060 -902209 900828 901427 -903451 900195 -900722 907046 -902035 904953 -904624 -905475 -906189 -900294 901269 -902371 -904972 900772 914832 -904039 -903663 901861 900824 903420 907589 906445 903338 -902863 -902417 910705 -910750 -904904 -912443 -905079 

Az x darab bitcoin amit a(z) 76. szemely altal adott arany-bevetel szerint lehet felirni: 900877
A(z) 76. szemely arany-bevetelei: 901197 -903559 -903794 904226 -928566 902429 900028 -900538 -900362 -903905 907873 -906447 -907188 902821 -904794 900071 915732 -931330 -905461 905189 903952 -907386 -901230 -904833 -902495 -903948 -900769 903560 -900832 900999 903446 903742 903696 930491 -909868 -900799 903247 902910 903272 909447 -902037 901155 904360 903610 -900200 -901921 909883 905559 903256 -900747 -904116 902536 900334 900899 900743 901777 901112 -904607 -901078 -910542 910252 -900430 901554 900980 900726 900965 901385 902117 902276 900175 900673 902509 -900637 903693 -905527 -904376 910192 901631 -909376 -903033 -905693 -905476 900479 -902769 -901733 -906904 -905443 -904944 -904451 -903186 -900209 -902098 -902163 904769 906902 930523 928917 -900474 906291 901801 

Az x darab bitcoin amit a(z) 77. szemely altal adott arany-bevetel szerint lehet felirni: 905366
A(z) 77. szemely arany-bevetelei: 902868 -902780 905456 -902898 -901425 900289 -903227 932319 -900278 -909191 -902619 -901370 -906834 902932 901797 -901309 904393 -905443 -910174 904564 901460 -907218 -903574 -928739 900593 908998 903547 -902999 902560 902654 901172 901868 900424 -900925 -902791 -902016 901788 -901266 -932225 902003 -904611 924482 900974 -900993 903527 900947 -903278 902428 -903573 900129 -901181 -900818 902459 -906226 -902080 -901594 -902099 -910914 -907069 -903192 901775 -901656 -900014 -905529 901101 902122 -900651 -900345 -900896 900814 -905991 900132 900835 900432 -901842 902092 -913504 -905239 904307 900882 904601 -900685 900740 -904158 -911682 -904139 -900040 -901567 -901072 905341 -919301 -902590 907043 -903240 -905687 -901865 -903610 900920 904231 912298 

Az x darab bitcoin amit a(z) 78. szemely altal adott arany-bevetel szerint lehet felirni: 904806
A(z) 78. szemely arany-bevetelei: -908046 905628 -901173 912373 -901872 -901120 902339 910204 -901490 901949 -905066 903270 906527 906856 -900684 901134 -903454 900228 914080 -921194 -901724 -910115 -907710 900511 -914782 900223 906510 900872 -902360 -905994 907952 902304 902104 -902861 901440 900821 -902303 904927 -900886 -903424 -902823 -903474 927421 928191 -907287 -901252 -901532 -905322 -900315 -903004 906186 -906052 908357 901400 -910416 902926 -903181 900600 -900152 900654 -910192 -900785 900227 900770 -901434 903376 -900103 -904028 912738 -901094 903988 900336 -900808 -903804 901542 906519 -900700 900412 -901639 901933 -916000 901083 906214 -902944 909539 902647 915875 902095 -903191 -900910 -901070 900410 901976 909760 -905737 901927 926539 -920358 -911164 -901027 

Az x darab bitcoin amit a(z) 79. szemely altal adott arany-bevetel szerint lehet felirni: 900615
A(z) 79. szemely arany-bevetelei: -930815 -903736 -900791 -903131 903016 -903221 902352 -903056 900854 902060 902513 -906030 904506 905834 908203 902403 905501 -903534 902663 -902210 -910118 -905684 -903801 904762 -900786 903236 907577 906528 -908173 909713 903046 -905142 903058 -900096 905277 -907202 -903429 900944 -901016 -902084 -907907 -902426 900272 905319 917195 900379 -902222 902386 -903053 900431 900095 -901460 902637 901119 901202 -905246 -903473 911772 -904421 -900581 -904028 -900769 902927 914838 -903036 -915724 -900757 -926298 902341 -904492 -902376 904708 905963 903588 902647 906344 900825 900662 900251 -904550 -904286 -914294 901650 -906382 908078 904456 908938 903189 -913682 900377 -900560 918522 920288 900821 -930120 -903730 -907994 902044 903279 -905932 

Az x darab bitcoin amit a(z) 80. szemely altal adott arany-bevetel szerint lehet felirni: 905804
A(z) 80. szemely arany-bevetelei: 903700 925441 902917 900423 931012 902016 -902386 -905606 -902420 -901499 -900366 -903353 -902723 902724 -901611 -904799 -903135 905380 -903693 -900058 -915068 900416 909547 903075 903507 -900090 -900092 900045 -902401 -900740 905017 928371 -904915 -900772 -903232 -902421 -902612 -901916 -903164 915072 -913211 902170 902201 905915 903588 901853 -903432 901578 -904820 905639 -907624 -904654 -903673 904276 -901404 -900054 900168 902530 -902915 901787 -904510 903051 903835 -915120 -902448 902358 -907932 902210 -900390 -903022 903020 -902965 930289 -900657 901527 917891 -902046 901716 901180 903818 -901242 905578 -903934 903342 -901453 909008 -900343 -902336 -900956 903621 -912098 909796 -907140 -903924 900047 -900250 904442 905062 905331 900575 

Az x darab bitcoin amit a(z) 81. szemely altal adott arany-bevetel szerint lehet felirni: -901170
A(z) 81. szemely arany-bevetelei: 903549 903805 903461 -907051 -900834 -903401 -904000 -901194 900321 908603 901718 902951 -900696 908596 -902299 -907287 -904508 -900735 900463 904052 -903635 -902496 -902398 -900102 910554 -902367 900062 -901146 -901310 909593 -902354 -905881 917165 -904092 909999 902035 -904768 -903337 903008 -900571 906232 -905936 901190 -900082 -900368 -901182 -903216 902098 -901724 909874 903529 -902394 -900869 906801 910655 902813 903636 -902791 904541 904011 -910345 -900537 903278 901985 912066 900973 901998 903251 -915613 905268 929778 904817 -922954 -907766 -900994 -928918 914416 904396 902032 903544 901914 902412 -902964 -900998 -901676 -901250 903399 908411 900980 900162 -905737 902548 -906342 -901824 -902638 901318 902602 -900130 -916092 919795 

Az x darab bitcoin amit a(z) 82. szemely altal adott arany-bevetel szerint lehet felirni: 910917
A(z) 82. szemely arany-bevetelei: 903203 900620 902474 901628 903516 -900960 904573 -903509 904406 -900815 -902435 905050 901440 -900589 913965 904338 900920 -904702 -911076 -900590 906056 -900293 900366 -900541 -902977 -904323 -900454 902260 -902448 903343 905745 906267 901369 904720 901066 -907745 904275 915076 900896 901209 -904240 902098 -900461 903878 900854 901909 -901082 900839 902309 -910442 900180 -901410 -900090 901447 -902550 -900139 -904033 -902219 902919 903289 904226 -902172 -903122 902144 901642 901639 905634 901224 -920109 928707 902537 902874 900196 900873 -901117 -901576 905965 900757 903273 -900807 -901903 -917246 903304 914277 902073 908062 900629 928053 905587 -903114 902688 900105 -903749 902209 -900194 -902489 901932 900234 -902434 900094 

Az x darab bitcoin amit a(z) 83. szemely altal adott arany-bevetel szerint lehet felirni: -902852
A(z) 83. szemely arany-bevetelei: 903571 916781 -902495 -907180 901513 -913213 902952 901633 -901817 900687 900635 -907886 914101 -902876 -913121 906487 -903465 913640 900228 -908905 903534 903048 -903273 908547 926459 -903921 908486 900548 -902973 -901528 -900231 -904070 903444 -902258 -904963 -904706 909894 -916308 901873 900998 -902926 902793 -900069 901937 900909 -901904 901075 -901691 906997 911051 -901103 901018 927959 -925412 904041 903499 906872 -914557 -902561 908720 -911593 -906176 -901988 901780 901458 904042 -902741 -904301 -905350 -905238 914705 901506 -902303 910172 901817 902956 907178 -902048 -910441 900871 902099 902442 906741 -903277 902994 906158 906428 -900199 904731 901249 907812 909935 907615 901654 901937 -903057 -909681 903444 -901040 -918414 

Az x darab bitcoin amit a(z) 84. szemely altal adott arany-bevetel szerint lehet felirni: -913893
A(z) 84. szemely arany-bevetelei: 901791 -900258 902375 902650 -906781 -901528 -900737 -901794 -907148 -901112 -920354 900090 -902929 -903219 -906187 -902349 900943 -904568 906534 -900740 -908046 900324 900045 907226 -902514 -901244 929450 902669 902136 902647 902855 -902079 -903974 904663 -900904 -906476 -902235 -901246 -901598 -908391 903713 903930 907208 901615 -903096 -900796 -913805 901074 -904340 -904559 -900273 901701 -914341 902838 -905005 902979 -903492 -908629 -902050 -926429 900400 904176 921796 900504 -902065 906079 -900371 903226 -902571 -900376 -902066 -901621 -901457 -901780 -915434 909990 905432 902346 -904822 -903260 900566 -909414 -900439 -900718 -903923 902282 -902981 906720 903956 902461 902877 -906173 -904586 -900854 908366 900310 -900472 -900255 -907846 -904078 

Az x darab bitcoin amit a(z) 85. szemely altal adott arany-bevetel szerint lehet felirni: 907495
A(z) 85. szemely arany-bevetelei: -902273 -905203 900658 -900978 900058 -902484 -906546 -900068 908759 905694 904352 -901530 -903654 902528 -900656 905705 931387 -905943 904184 -902716 903058 -903058 -904064 -903521 907891 902900 900246 -902667 -904894 902356 -900280 921812 -908554 -903152 901769 -906630 -911117 909772 904974 -908526 900994 900517 -903447 907570 -901635 914718 -902669 -900646 916974 -902788 900135 902739 -905996 903584 -903153 -900784 -909181 -903149 -902267 -903827 900536 903410 -906619 -901322 -901285 -902319 900079 900364 -903579 -904635 -903096 902916 900078 -903366 903722 -900427 900882 -904090 -902492 902496 900805 900876 -914521 -900214 901380 902001 -901149 -923781 932754 908467 -929083 902972 -922624 -901178 -902093 -901209 901840 -901780 904289 -900182 

Az x darab bitcoin amit a(z) 86. szemely altal adott arany-bevetel szerint lehet felirni: 906448
A(z) 86. szemely arany-bevetelei: 900600 -904969 903231 -908614 -900967 -929355 902324 900943 -904578 -904322 900123 -901560 905049 900132 -902784 902712 -900386 900381 902136 -909626 900666 -906427 901367 -900857 903167 904509 -901878 -902353 -902108 -900342 901030 -901932 903414 -905377 900323 -904749 900509 -900819 907685 901482 -903946 903879 903037 915596 900120 914999 -901002 -902755 912748 -905042 -906420 -902312 903886 904449 902404 906895 927326 -902889 901440 902788 -919427 901227 900730 915947 -903336 900318 904208 900011 903014 -902010 903945 902634 900828 -902288 -901781 -909236 904244 -900733 -913600 -908172 912390 -900440 -908316 -902330 902387 907673 -901248 904654 -901250 901298 -906321 -906382 906794 -900914 -902511 -903128 -900901 903715 -902831 -904539 

Az x darab bitcoin amit a(z) 87. szemely altal adott arany-bevetel szerint lehet felirni: -913431
A(z) 87. szemely arany-bevetelei: 900410 -912264 904566 909976 -905996 903548 903950 -902957 -902318 -910270 903477 901268 -900869 -903570 -901771 -900024 909106 904033 -903276 923890 919808 902893 901213 -903108 -900566 -900122 -910803 -903217 -902528 900118 900896 903159 907225 -902728 -902481 903021 -903124 900850 -900481 -905155 -901297 903653 904676 -900193 -903991 -903681 -918218 -905114 902094 909834 903294 -905532 916267 902440 900090 906511 902045 -901461 904390 910130 906954 903273 -902486 -910906 901439 -902928 -902353 909774 -903214 900477 -915820 -900361 906683 904000 900706 -912541 -900359 900328 901961 -901552 -931028 -905098 902130 900282 910330 902678 -904924 902812 -905255 900299 903836 900354 916294 900891 -901244 901742 903100 906604 901546 902523 

Az x darab bitcoin amit a(z) 88. szemely altal adott arany-bevetel szerint lehet felirni: -901713
A(z) 88. szemely arany-bevetelei: -903342 -905131 -904879 903348 901380 -908156 -902239 901580 -903754 902299 -902635 904161 912956 907411 -900904 -908133 -902076 -903872 -907163 -901848 900367 903179 903197 901092 -900832 915682 -906094 901234 -904917 -902817 916750 902170 905751 -902033 -904052 900662 904228 -903078 901691 -901030 -902176 -902810 904758 -900975 -900631 -914846 907378 931498 901254 -902571 -911645 -900602 -900904 901588 902303 901561 906681 900925 901434 910538 -901269 -902469 926750 -904792 -901092 -906173 -903230 -900173 902209 910306 900250 905112 910153 903726 900263 -903974 -900478 907604 -901695 -904499 900931 -902944 901675 -909886 908047 901596 903357 -907648 -915674 919862 -902280 -905370 -902173 -905910 910735 913220 -900025 -900455 -900976 904825 

Az x darab bitcoin amit a(z) 89. szemely altal adott arany-bevetel szerint lehet felirni: -907720
A(z) 89. szemely arany-bevetelei: -906257 902108 900376 910875 -909961 901180 902953 901820 931168 900369 901498 904381 909781 902774 -901601 -903493 -900086 917263 -901081 -910604 -903662 902240 -905161 906320 900975 -901295 900801 -902874 923679 901962 -901324 902240 905140 903774 902549 -908527 900759 910740 -900764 -902974 900697 900114 904516 900323 908791 906347 908672 -901458 -911670 901901 -902060 901230 -900362 901733 900762 914632 -905769 -903452 908456 900520 -904679 -900829 902826 -900697 -901786 902861 902232 -900703 902002 -903452 -900348 -902534 -900762 -902620 902450 -900147 -913472 900614 -903084 -902035 -902889 908483 900054 902617 902747 -908427 -911003 901382 -903343 -900483 904450 -904307 -905790 903739 903069 902537 -902677 -902908 -901310 -902406 

Az x darab bitcoin amit a(z) 90. szemely altal adott arany-bevetel szerint lehet felirni: -903070
A(z) 90. szemely arany-bevetelei: -902141 900678 901563 -905258 903772 -903107 904483 917007 -905256 -902750 910298 -902647 900507 908841 900521 904030 -911033 -902400 -914410 -905304 900406 -902255 903538 -901402 900902 902590 902180 900772 -905954 904025 -905869 -901265 -904975 -900927 -902759 913145 905778 -900192 901071 -903904 901273 902051 -905819 -900158 903681 903420 -900508 -914986 -901682 901682 903226 902810 900714 902245 903507 910152 -902521 -900552 -903158 -901823 -903479 -903484 905022 -902108 -907312 -901869 901619 914458 -917616 900292 902401 -906350 -901712 -903529 -915446 901898 901622 903220 -904055 -904006 -903592 -903708 900939 903556 -910317 -902257 -921052 -901629 -903747 -903253 901134 902200 -904356 -910588 -901977 903588 -903073 902722 917800 905807 

Az x darab bitcoin amit a(z) 91. szemely altal adott arany-bevetel szerint lehet felirni: 905863
A(z) 91. szemely arany-bevetelei: 903157 -903539 902330 903639 -909354 -901998 903133 -902430 -914050 906400 903839 -902127 -902568 902562 -901750 -914739 900895 900331 -900253 906456 -911388 901194 -929015 903845 901424 -901402 924508 -900139 -910368 -900401 -902840 -907124 904198 900089 901588 -906674 915336 901078 -901073 -904329 903877 -915080 -906477 -902525 902263 -904409 -902081 905389 903956 -922511 -903132 905667 -900683 902200 -903309 902508 -930593 -928483 -907875 -907330 -907302 903634 -900134 900436 903321 903336 904046 900331 900499 907149 902807 902150 -900652 913654 -900771 904095 900022 -908643 -903045 -900625 901894 -901951 -931144 -901111 -907991 -903881 900855 -902944 -901749 901639 902144 906191 905382 909143 903895 906188 901359 901564 901121 907992 

Az x darab bitcoin amit a(z) 92. szemely altal adott arany-bevetel szerint lehet felirni: 900529
A(z) 92. szemely arany-bevetelei: 900165 900445 904031 -911738 908513 -920913 903421 903582 -902748 904055 902454 -904158 -903122 -900362 931783 -902911 -907187 902200 -930441 931603 -903008 -906440 900218 901442 905174 900466 915096 901388 900365 903596 -902416 -901798 -902429 -902486 -905988 -906997 906381 -900987 -904143 -900894 -900786 -904215 -903543 925288 900121 -904435 -901445 905290 -903572 900696 904046 -903154 -900433 904527 903427 902771 -901796 901595 901742 -901002 -902029 -903226 901505 903509 900540 -901506 903695 -901817 -911172 -905014 900220 904303 905183 -907775 -903743 -901646 -902992 905973 -900793 904421 -901499 902443 -903935 902474 900122 -902417 912280 -903066 902764 -901694 901114 -904022 902822 902569 -903111 -902294 900485 900131 904168 905512 

Az x darab bitcoin amit a(z) 93. szemely altal adott arany-bevetel szerint lehet felirni: -903530
A(z) 93. szemely arany-bevetelei: 904328 -907264 904102 902032 -913225 900890 902551 904763 -901362 -901018 -900547 910126 901929 -902850 904175 -903077 -900134 -904773 922283 909974 -900191 903082 903054 902360 920541 -911892 909832 900152 900494 -902955 -902282 904498 -902138 901301 -903553 916714 907379 915137 902714 901251 900968 -906029 900075 904567 -900586 907565 901779 902178 -903054 -924493 902978 -902302 901114 901893 904227 902449 900285 903898 -902663 -928849 905835 901499 903123 904325 -904211 -904302 -924639 -903330 -913940 -910054 904152 -901458 -902566 -906723 904688 902523 901472 -902100 -903297 -909446 903350 902774 -903311 900670 904003 903192 903913 -906704 -901899 901049 901511 -902299 -913244 -908338 -902510 904751 908717 901321 -901235 -901125 

Az x darab bitcoin amit a(z) 94. szemely altal adott arany-bevetel szerint lehet felirni: 924438
A(z) 94. szemely arany-bevetelei: 927301 900624 -902118 901541 902650 -901450 -900466 -902632 906506 -921940 -901558 -903023 -902754 -929598 905787 -900864 930165 -905174 901351 904151 904850 -901532 -900651 -909546 906381 -907946 -907638 904718 909736 904059 -901906 910186 -906723 -901996 -904932 904078 -903188 901718 904277 901353 -902213 928938 -901758 -900101 913599 -925438 906432 905121 -900947 912694 -915164 907406 901431 903071 902494 901218 -902183 -906458 901733 -900749 902101 901799 -901884 900362 902977 900450 902702 -905092 903222 900898 905382 -916014 904026 910690 -902780 -901150 903235 903190 -900722 912479 -900552 -902566 -930306 901826 -901488 -902015 -907181 900385 903368 923439 904735 -904948 905686 901327 900622 902751 911646 -902483 -907867 -902282 

Az x darab bitcoin amit a(z) 95. szemely altal adott arany-bevetel szerint lehet felirni: 901166
A(z) 95. szemely arany-bevetelei: -902725 -904232 902990 -900532 -900674 902794 900641 -903388 910786 900540 -901272 904171 901607 -901632 902040 -902753 904161 -906076 903636 -902511 -901511 904380 -905216 -903105 -905583 907603 900263 -903217 -903538 -901466 -902315 -906922 901017 900810 -903780 -904844 -900246 901529 -905685 903608 901590 905429 -900219 903595 900212 902715 900669 -904318 902620 -904715 -900838 916011 900079 -901724 -902665 -902027 -901724 901705 903127 -903262 -901966 900195 902003 -904141 -906230 -914619 909905 908036 -930374 901055 901469 -902474 -903413 -903803 -900046 -905003 902639 900639 910265 -910838 903001 907625 -900735 902502 -905381 900171 -901563 903188 -903994 -900222 -900897 901518 -900481 926058 900586 900406 -909799 903401 907736 -905710 

Az x darab bitcoin amit a(z) 96. szemely altal adott arany-bevetel szerint lehet felirni: 901161
A(z) 96. szemely arany-bevetelei: 902661 -905469 900063 -902066 900451 -900111 -900165 904161 -902738 -903202 -925395 -902768 -901193 901664 -902503 -903097 901954 -908094 901291 904042 902594 -925482 900749 -904793 -903220 -900330 903060 -903922 901198 900052 -902748 -902964 -900932 -913309 -900138 -914666 -908164 -903629 903061 -902952 -901630 -900087 902323 -901942 -907886 902093 -902571 -904079 904772 900014 -905917 903756 904139 -922656 900757 904993 916080 900906 -901453 -901408 901618 -905083 901396 902211 903763 903661 904026 903250 900196 904085 -906226 903998 902318 902068 -910010 910800 904712 903046 900007 -904726 900148 904411 -919022 909839 -901742 -904822 -900223 -913810 910388 -900463 -901454 904723 904403 -900968 900149 -902828 -904700 902956 908823 901862 

Az x darab bitcoin amit a(z) 97. szemely altal adott arany-bevetel szerint lehet felirni: 901851
A(z) 97. szemely arany-bevetelei: 903451 -901513 -904068 -908619 910475 901090 -901711 -900672 903301 902290 903989 -903087 -906378 -904989 -901270 920716 -905924 -908492 -900386 909864 929460 926118 -902597 902048 -902931 -902610 -906562 -900525 901200 -900193 -903957 902958 -900919 900068 -900612 907172 -902680 901827 -901418 -912542 904693 -906743 -902514 903445 931771 -906869 -903674 -903663 905254 -900264 -909134 -900718 -904310 -901940 907110 -919911 -905935 -903853 -902072 904730 903168 902130 900809 900182 905498 -924265 -902692 911880 902002 -913434 -904358 -901578 -902080 -931175 900918 910676 903460 900914 914216 903950 930186 -903656 -902193 -900559 -902470 901927 -901972 -905979 -901252 900933 902500 -903671 -904478 -901027 902345 902867 912822 900945 -902235 908439 

Az x darab bitcoin amit a(z) 98. szemely altal adott arany-bevetel szerint lehet felirni: 910056
A(z) 98. szemely arany-bevetelei: 902801 -929485 900551 900442 -902395 900103 900033 -900930 -903623 -901773 900398 -901648 -903199 -905827 902039 -901670 -902458 902597 -904722 905202 908140 900347 900258 -907677 -900840 900874 -906311 -902873 -903799 903171 -932639 901852 -900010 -900393 -901149 -902969 923261 -901154 -900161 -916080 902974 -900920 902088 901021 -900113 900954 -903103 -901833 903490 -905018 -903702 905838 920825 -900034 902601 900234 901137 -904520 -900851 -903559 900593 -911766 904601 909295 -914748 -901995 -901544 902878 903255 906073 902257 -900494 -915330 -900654 -901102 904519 -900266 -903320 903403 -903648 -906906 903156 -902981 -903856 905477 -901081 903247 -903479 905176 -900748 -902738 901367 -901676 901116 904315 904325 -902904 -901456 901436 905457 

Az x darab bitcoin amit a(z) 99. szemely altal adott arany-bevetel szerint lehet felirni: 901436
A(z) 99. szemely arany-bevetelei: 901789 -905166 -903658 901838 -902638 902608 -900086 -902076 904928 902807 -921288 905743 -901242 905179 -902537 902401 -903537 -906312 900867 902461 907711 901142 903076 -911352 -903355 901269 -901638 -900857 -900409 -905327 -903716 904095 -903012 -900525 -901352 -907739 -901582 -902524 -902701 903501 903083 902054 913070 -903140 902564 -900638 -915538 900873 900261 906496 904630 902506 -903306 -901529 900304 903302 -900394 900319 -904995 900275 -901761 -908460 -904171 904255 904536 -902438 -901650 -904965 -900222 907550 903672 905347 901560 -915860 900831 -919051 -902167 904797 902589 901828 -912510 901637 -903772 -910118 -901737 -902946 -900399 -901592 -901407 -908058 900227 900173 -903195 -903322 924158 900982 905826 908321 924469 903440 

Az x darab bitcoin amit a(z) 100. szemely altal adott arany-bevetel szerint lehet felirni: 900942
A(z) 100. szemely arany-bevetelei: -902719 901052 900192 900003 905786 -910631 901554 900168 -924539 914976 901814 -901798 900206 -903122 -900700 903695 -901274 -909874 -905810 900047 -901652 -900638 901792 -900116 904551 -903055 -907713 -901678 -901092 -901045 -900985 931048 -900595 901833 -904128 -900295 903435 910262 -905790 -902898 -902188 -907195 903164 902127 915364 -906169 -908820 -903952 902296 905108 902520 900116 906381 910808 904650 902199 -921955 -905414 -903291 -901120 -906280 905142 906444 -900113 902936 -903349 -901527 901111 900467 903886 900491 900254 904800 -901436 -904083 908476 -904380 -907836 -904084 -905354 904339 -904812 902162 -904884 -902113 900330 903375 -900980 -925203 907295 -900402 905925 -907189 -901783 900296 -902197 904506 -906180 903234 -901104 



A szemelyek nyeresege/vesztessege: 
1. szemely: (nyereseg)		1.08588 darab bitcoin 
2. szemely: (nyereseg)		0.294629 darab bitcoin 
3. szemely: (veszteseg)	-1.59762 darab bitcoin
4. szemely: (nyereseg)		1.1711 darab bitcoin 
5. szemely: (nyereseg)		5.0921 darab bitcoin 
6. szemely: (nyereseg)		1.27151 darab bitcoin 
7. szemely: (nyereseg)		3.20855 darab bitcoin 
8. szemely: (nyereseg)		1.80145 darab bitcoin 
9. szemely: (nyereseg)		0.263038 darab bitcoin 
10. szemely: (veszteseg)	-3.81306 darab bitcoin
11. szemely: (veszteseg)	-1.15987 darab bitcoin
12. szemely: (nyereseg)		1.89861 darab bitcoin 
13. szemely: (nyereseg)		6.02585 darab bitcoin 
14. szemely: (nyereseg)		1.27371 darab bitcoin 
15. szemely: (veszteseg)	-4.49351 darab bitcoin
16. szemely: (nyereseg)		0.165424 darab bitcoin 
17. szemely: (nyereseg)		0.576704 darab bitcoin 
18. szemely: (veszteseg)	-3.8894 darab bitcoin
19. szemely: (veszteseg)	-4.58291 darab bitcoin
20. szemely: (veszteseg)	-8.07638 darab bitcoin
21. szemely: (veszteseg)	-3.69891 darab bitcoin
22. szemely: (nyereseg)		1.83466 darab bitcoin 
23. szemely: (veszteseg)	-0.487193 darab bitcoin
24. szemely: (veszteseg)	-4.65882 darab bitcoin
25. szemely: (nyereseg)		2.40536 darab bitcoin 
26. szemely: (nyereseg)		0.554189 darab bitcoin 
27. szemely: (nyereseg)		1.33404 darab bitcoin 
28. szemely: (veszteseg)	-3.98581 darab bitcoin
29. szemely: (veszteseg)	-2.38382 darab bitcoin
30. szemely: (veszteseg)	-2.58951 darab bitcoin
31. szemely: (nyereseg)		0.671875 darab bitcoin 
32. szemely: (nyereseg)		0.49965 darab bitcoin 
33. szemely: (nyereseg)		1.76277 darab bitcoin 
34. szemely: (veszteseg)	-1.0176 darab bitcoin
35. szemely: (veszteseg)	-3.24702 darab bitcoin
36. szemely: (nyereseg)		2.39594 darab bitcoin 
37. szemely: (veszteseg)	-0.494899 darab bitcoin
38. szemely: (veszteseg)	-4.61813 darab bitcoin
39. szemely: (nyereseg)		1.82816 darab bitcoin 
40. szemely: (veszteseg)	-3.35994 darab bitcoin
41. szemely: (veszteseg)	-1.50538 darab bitcoin
42. szemely: (nyereseg)		3.42203 darab bitcoin 
43. szemely: (nyereseg)		4.81763 darab bitcoin 
44. szemely: (nyereseg)		4.99571 darab bitcoin 
45. szemely: (veszteseg)	-4.4295 darab bitcoin
46. szemely: (veszteseg)	-2.98505 darab bitcoin
47. szemely: (veszteseg)	-1.9809 darab bitcoin
48. szemely: (nyereseg)		8.14707 darab bitcoin 
49. szemely: (veszteseg)	-6.16035 darab bitcoin
50. szemely: (veszteseg)	-3.09023 darab bitcoin
51. szemely: (nyereseg)		1.06415 darab bitcoin 
52. szemely: (nyereseg)		5.45696 darab bitcoin 
53. szemely: (nyereseg)		1.51801 darab bitcoin 
54. szemely: (veszteseg)	-4.14247 darab bitcoin
55. szemely: (nyereseg)		2.92871 darab bitcoin 
56. szemely: (veszteseg)	-8.47748 darab bitcoin
57. szemely: (nyereseg)		3.53713 darab bitcoin 
58. szemely: (veszteseg)	-4.27504 darab bitcoin
59. szemely: (nyereseg)		3.19485 darab bitcoin 
60. szemely: (veszteseg)	-3.1753 darab bitcoin
61. szemely: (nyereseg)		4.64496 darab bitcoin 
62. szemely: (veszteseg)	-1.61061 darab bitcoin
63. szemely: (veszteseg)	-1.66692 darab bitcoin
64. szemely: (veszteseg)	-4.93643 darab bitcoin
65. szemely: (nyereseg)		7.06355 darab bitcoin 
66. szemely: (veszteseg)	-1.72424 darab bitcoin
67. szemely: (nyereseg)		0.340773 darab bitcoin 
68. szemely: (nyereseg)		1.86393 darab bitcoin 
69. szemely: (nyereseg)		7.54974 darab bitcoin 
70. szemely: (nyereseg)		0.356693 darab bitcoin 
71. szemely: (veszteseg)	-2.49615 darab bitcoin
72. szemely: (nyereseg)		3.28458 darab bitcoin 
73. szemely: (nyereseg)		2.36451 darab bitcoin 
74. szemely: (veszteseg)	-5.85268 darab bitcoin
75. szemely: (nyereseg)		3.45324 darab bitcoin 
76. szemely: (nyereseg)		2.60723 darab bitcoin 
77. szemely: (nyereseg)		0.33235 darab bitcoin 
78. szemely: (nyereseg)		1.01605 darab bitcoin 
79. szemely: (veszteseg)	-2.94454 darab bitcoin
80. szemely: (nyereseg)		5.06565 darab bitcoin 
81. szemely: (nyereseg)		2.56468 darab bitcoin 
82. szemely: (veszteseg)	-1.58938 darab bitcoin
83. szemely: (veszteseg)	-13.1622 darab bitcoin
84. szemely: (nyereseg)		0.335588 darab bitcoin 
85. szemely: (nyereseg)		0.333338 darab bitcoin 
86. szemely: (veszteseg)	-2.81312 darab bitcoin
87. szemely: (nyereseg)		4.81021 darab bitcoin 
88. szemely: (nyereseg)		1.70931 darab bitcoin 
89. szemely: (veszteseg)	-4.30384 darab bitcoin
90. szemely: (veszteseg)	-3.66097 darab bitcoin
91. szemely: (nyereseg)		5.6473 darab bitcoin 
92. szemely: (nyereseg)		2.2644 darab bitcoin 
93. szemely: (nyereseg)		2.85379 darab bitcoin 
94. szemely: (nyereseg)		6.92462 darab bitcoin 
95. szemely: (veszteseg)	-1.95484 darab bitcoin
96. szemely: (nyereseg)		1.66497 darab bitcoin 
97. szemely: (veszteseg)	-1.54475 darab bitcoin
98. szemely: (nyereseg)		2.78846 darab bitcoin 
99. szemely: (nyereseg)		0.776364 darab bitcoin 
100. szemely: (veszteseg)	-0.700964 darab bitcoin
